,precision,accuracy,recall,duration,f1,auc,iter,fold,tune,model,dataset
0,0.6317524160661416,0.7545454545454545,0.6046633678212626,43.66317558288574,0.5983400767714494,0.7988800073820318,1,1,1,cnnM,WESAD
1,0.6406181015452538,0.7454545454545455,0.6035237666816614,10.098268270492555,0.5910308034296602,0.8200450995997555,2,2,1,cnnM,WESAD
2,0.5208467194973941,0.7318181818181818,0.5749287749287749,10.045599222183226,0.5402117330525823,0.8031984959110465,3,3,1,cnnM,WESAD
3,0.5411439938294158,0.7272727272727273,0.562962962962963,10.158792257308962,0.5410981559579922,0.7700531736968984,4,4,1,cnnM,WESAD
4,0.5694545520704462,0.7136363636363636,0.5662618083670715,11.999479293823242,0.5537536753116609,0.7649376564356322,5,5,1,cnnM,WESAD
5,0.0984848484848485,0.2954545454545455,0.3333333333333333,933.5309376716614,0.15204678362573099,0.5,1,1,1,encoderM,WESAD
6,0.17727272727272728,0.5318181818181819,0.3333333333333333,852.9062693119049,0.2314540059347181,0.5,2,2,1,encoderM,WESAD
7,0.0984848484848485,0.2954545454545455,0.3333333333333333,851.7677848339081,0.15204678362573099,0.5,3,3,1,encoderM,WESAD
8,0.17727272727272728,0.5318181818181819,0.3333333333333333,849.5899679660797,0.2314540059347181,0.5,4,4,1,encoderM,WESAD
9,0.17727272727272728,0.5318181818181819,0.3333333333333333,851.5276947021484,0.2314540059347181,0.5,5,5,1,encoderM,WESAD
10,0.7384635013425659,0.7863636363636364,0.7622132253711201,344.1166226863861,0.7460375652833298,0.925525104674902,1,1,1,fcnM,WESAD
11,0.8156751408783929,0.8545454545454545,0.784900284900285,218.70177936553955,0.7939458689458689,0.9021171436151194,2,2,1,fcnM,WESAD
12,0.7259259259259259,0.6681818181818182,0.7186384765332133,219.21606302261355,0.6576882960035134,0.93261819901496,3,3,1,fcnM,WESAD
13,0.6301560758082497,0.6863636363636364,0.5532613585245164,232.9118585586548,0.5689167003735516,0.8445234552522002,4,4,1,fcnM,WESAD
14,0.6867056228826084,0.7227272727272728,0.7045434098065678,236.2202682495117,0.6878173835620643,0.8737182370785609,5,5,1,fcnM,WESAD
15,0.8642059252064108,0.8545454545454545,0.7602938971360024,3809.465330839157,0.7888614314182018,0.9661349296976828,1,1,1,inceptionM,WESAD
16,0.8973803973803974,0.8545454545454545,0.7725895936422252,1904.0230584144592,0.8099259754113376,0.974450673033669,2,2,1,inceptionM,WESAD
17,0.6201669410728644,0.6954545454545454,0.5935822462138253,1443.797676563263,0.6014907440623629,0.7821164515496499,3,3,1,inceptionM,WESAD
18,0.6555104800540906,0.6863636363636364,0.525910931174089,1672.1468179225922,0.5343210565847109,0.8955687624715964,4,4,1,inceptionM,WESAD
19,0.6668000355650395,0.6409090909090909,0.503778677462888,1448.9672589302065,0.4782372598162072,0.8000403704857146,5,5,1,inceptionM,WESAD
20,0.7083570750237417,0.7863636363636364,0.6373669215774479,25.79066681861877,0.6357466063348417,0.7667485610805449,1,1,1,mcdcnnM,WESAD
21,0.6395238095238095,0.6954545454545454,0.5288798920377867,25.464230060577393,0.5316130835896001,0.7954266006897585,2,2,1,mcdcnnM,WESAD
22,0.5381854043392504,0.7318181818181818,0.5658119658119658,23.889291524887085,0.5381980338502077,0.7620459762160167,3,3,1,mcdcnnM,WESAD
23,0.5180933991275121,0.7272727272727273,0.5720797720797721,21.444642066955566,0.5384359726295209,0.7602806325478392,4,4,1,mcdcnnM,WESAD
24,0.5172764227642276,0.7272727272727273,0.5675213675213675,20.492824077606198,0.5333176475201711,0.7920568185750372,5,5,1,mcdcnnM,WESAD
25,0.7334484287421423,0.8136363636363636,0.7269155795471586,1569.768741607666,0.7248366013071895,0.926439207815726,1,1,1,resnetM,WESAD
26,0.8160233926078996,0.8545454545454545,0.8259109311740892,887.4784829616548,0.8201703913006252,0.9601243410960012,2,2,1,resnetM,WESAD
27,0.7979369853857138,0.8409090909090909,0.8232868496026391,853.2669684886932,0.8081922765017637,0.9339210122610933,3,3,1,resnetM,WESAD
28,0.69246661627614,0.7636363636363637,0.6622881991303043,989.1098926067352,0.6711561185245395,0.8839054407880319,4,4,1,resnetM,WESAD
29,0.8847404627892432,0.8409090909090909,0.7225970910181436,572.1967613697053,0.7130208065154126,0.9521511701673644,5,5,1,resnetM,WESAD
30,0.539198606271777,0.75,0.5886039886039885,16.95872139930725,0.554591531621619,0.8437823684787248,1,1,2,cnnM,WESAD
31,0.5465277777777778,0.7681818181818182,0.6091168091168092,11.00624179840088,0.5706281588447654,0.8240383173581555,2,2,2,cnnM,WESAD
32,0.5373737373737374,0.7454545454545455,0.5834757834757834,10.267055273056028,0.5504728132387707,0.8081588751629237,3,3,2,cnnM,WESAD
33,0.5454545454545454,0.7545454545454545,0.5914529914529915,11.065563678741457,0.5583924349881796,0.7414950921023795,4,4,2,cnnM,WESAD
34,0.5373737373737374,0.7454545454545455,0.5834757834757834,10.300662755966188,0.5504728132387707,0.8200393323875105,5,5,2,cnnM,WESAD
35,0.0984848484848485,0.2954545454545455,0.3333333333333333,736.7514395713806,0.15204678362573099,0.5,1,1,2,encoderM,WESAD
36,0.4904761904761905,0.6863636363636364,0.5555555555555555,703.8806099891663,0.5206321756256905,0.7659215428446199,2,2,2,encoderM,WESAD
37,0.5046051917019659,0.6045454545454545,0.5430049482681062,659.9570600986482,0.5150355825671394,0.8215538023230332,3,3,2,encoderM,WESAD
38,0.17727272727272728,0.5318181818181819,0.3333333333333333,655.4640016555786,0.2314540059347181,0.5,4,4,2,encoderM,WESAD
39,0.05757575757575757,0.17272727272727273,0.3333333333333333,661.9073295593263,0.09819121447028424,0.5,5,5,2,encoderM,WESAD
40,0.5407190816547541,0.759090909090909,0.5943019943019943,224.5434648990631,0.5589439254166911,0.8305200872002492,1,1,2,fcnM,WESAD
41,0.8192952543336175,0.8,0.7037786774628879,220.38345670700073,0.7217388336117904,0.9199124537181218,2,2,2,fcnM,WESAD
42,0.8219367588932807,0.8272727272727273,0.7937771779877042,186.28810501098636,0.8003174042513527,0.9359787535900896,3,3,2,fcnM,WESAD
43,0.7688217703678051,0.8,0.7406807617333934,187.20816040039062,0.7507802466364916,0.8833039205508841,4,4,2,fcnM,WESAD
44,0.822795063456423,0.8227272727272728,0.7603988603988604,199.45204639434812,0.7772863581106733,0.9376091444917356,5,5,2,fcnM,WESAD
45,0.17727272727272728,0.5318181818181819,0.3333333333333333,1203.7843916416168,0.2314540059347181,0.5,1,1,2,inceptionM,WESAD
46,0.17727272727272728,0.5318181818181819,0.3333333333333333,863.1743211746216,0.2314540059347181,0.4542847503373819,2,2,2,inceptionM,WESAD
47,0.0984848484848485,0.2954545454545455,0.3333333333333333,860.0210745334625,0.15204678362573099,0.5,3,3,2,inceptionM,WESAD
48,0.17727272727272728,0.5318181818181819,0.3333333333333333,860.7621476650238,0.2314540059347181,0.5,4,4,2,inceptionM,WESAD
49,0.17727272727272728,0.5318181818181819,0.3333333333333333,859.5507287979126,0.2314540059347181,0.5,5,5,2,inceptionM,WESAD
50,0.5317099167794039,0.7181818181818181,0.5504273504273504,13.97825527191162,0.5239737274220033,0.7565948072020947,1,1,2,mcdcnnM,WESAD
51,0.5387657058388765,0.7454545454545455,0.5834757834757834,8.911095142364502,0.551423487544484,0.7717423901634429,2,2,2,mcdcnnM,WESAD
52,0.5555942298023746,0.7545454545454545,0.5868945868945868,6.727764844894409,0.5577525922353509,0.6601081929017152,3,3,2,mcdcnnM,WESAD
53,0.552434456928839,0.7227272727272728,0.5487179487179487,6.333223104476929,0.5260890226516711,0.7301694406957564,4,4,2,mcdcnnM,WESAD
54,0.5497478784897306,0.7363636363636363,0.5663817663817664,6.3678131103515625,0.5404761904761904,0.6584922200306816,5,5,2,mcdcnnM,WESAD
55,0.8095125099320842,0.8272727272727273,0.7331683910631278,619.5726733207703,0.7562742264205428,0.9297755400994268,1,1,2,resnetM,WESAD
56,0.8503826946042775,0.8,0.6727995201679412,474.0238780975342,0.6816435421237498,0.9494821043404041,2,2,2,resnetM,WESAD
57,0.8066267066267067,0.8318181818181818,0.7765781976308292,480.2279417514801,0.7792860381003065,0.9423717083636112,3,3,2,resnetM,WESAD
58,0.706179900799857,0.740909090909091,0.6439346228819913,547.5765466690063,0.6504613095238095,0.8947299214505694,4,4,2,resnetM,WESAD
59,0.5832121652732339,0.7318181818181818,0.5986204828310092,401.7861831188202,0.585783074416495,0.8054413647531057,5,5,2,resnetM,WESAD
60,0.5373737373737374,0.7454545454545455,0.5834757834757834,17.57992672920227,0.5504728132387707,0.7842918440084432,1,1,3,cnnM,WESAD
61,0.5236111111111111,0.740909090909091,0.5851851851851851,10.636295080184935,0.5474079422382672,0.7849089357186522,2,2,3,cnnM,WESAD
62,0.5194408968355329,0.7318181818181818,0.5749287749287749,9.1943039894104,0.5392662528775825,0.8029320507053299,3,3,3,cnnM,WESAD
63,0.5339950372208437,0.7636363636363637,0.6108262108262109,9.87553358078003,0.5670437405731524,0.8093947887470154,4,4,3,cnnM,WESAD
64,0.5215285819559954,0.7363636363636363,0.5800569800569799,11.020121574401855,0.5433588612980583,0.8088324855531334,5,5,3,cnnM,WESAD
65,0.0984848484848485,0.2954545454545455,0.3333333333333333,727.5790510177612,0.15204678362573099,0.5,1,1,3,encoderM,WESAD
66,0.17727272727272728,0.5318181818181819,0.3333333333333333,651.9124550819398,0.2314540059347181,0.5,2,2,3,encoderM,WESAD
67,0.17727272727272728,0.5318181818181819,0.3333333333333333,654.0458269119263,0.2314540059347181,0.5,3,3,3,encoderM,WESAD
68,0.17727272727272728,0.5318181818181819,0.3333333333333333,652.8759112358092,0.2314540059347181,0.5,4,4,3,encoderM,WESAD
69,0.17727272727272728,0.5318181818181819,0.3333333333333333,663.737642288208,0.2314540059347181,0.5,5,5,3,encoderM,WESAD
70,0.7344054580896686,0.7954545454545454,0.6931773879142299,255.66001200675964,0.7044126344086021,0.8612097304404996,1,1,3,fcnM,WESAD
71,0.8418812825592487,0.8,0.6600389863547759,198.51311016082764,0.6645743231625865,0.8672583826429981,2,2,3,fcnM,WESAD
72,0.7642180479618904,0.7863636363636364,0.6879292247713299,211.2340304851532,0.7115084148029106,0.8634831655074571,3,3,3,fcnM,WESAD
73,0.8694825960594486,0.8818181818181818,0.8111111111111112,231.77272653579712,0.8259025123913154,0.9382804479970472,4,4,3,fcnM,WESAD
74,0.6826821289295935,0.7181818181818181,0.7049032838506523,179.4809536933899,0.6759923481587756,0.9321158748284254,5,5,3,fcnM,WESAD
75,0.4525252525252525,0.6818181818181818,0.5116809116809117,1828.7770211696625,0.472695035460993,0.6662473903364592,1,1,3,inceptionM,WESAD
76,0.17727272727272728,0.5318181818181819,0.3333333333333333,1081.158970117569,0.2314540059347181,0.5,2,2,3,inceptionM,WESAD
77,0.05757575757575757,0.17272727272727273,0.3333333333333333,1085.1308619976044,0.09819121447028424,0.5,3,3,3,inceptionM,WESAD
78,0.17727272727272728,0.5318181818181819,0.3333333333333333,1084.5226352214813,0.2314540059347181,0.5,4,4,3,inceptionM,WESAD
79,0.0984848484848485,0.2954545454545455,0.3333333333333333,1071.4417634010317,0.15204678362573099,0.5,5,5,3,inceptionM,WESAD
80,0.8995018410223089,0.7863636363636364,0.6264357474883792,24.72242045402527,0.60028535226843,0.8288227966365618,1,1,3,mcdcnnM,WESAD
81,0.6740362811791384,0.7636363636363637,0.6130904183535762,19.26864123344421,0.6176132154285083,0.7928624981256561,2,2,3,mcdcnnM,WESAD
82,0.5312137049941928,0.740909090909091,0.5806267806267806,8.454445123672485,0.5467094105075341,0.7358045837802923,3,3,3,mcdcnnM,WESAD
83,0.5252394790657625,0.7363636363636363,0.5777777777777778,7.2789552211761475,0.5429742388758783,0.7553444755873905,4,4,3,mcdcnnM,WESAD
84,0.8784511784511784,0.7545454545454545,0.5950967161493478,14.562536716461182,0.5723118489075935,0.8047348812531,5,5,3,mcdcnnM,WESAD
85,0.9059304703476482,0.7909090909090909,0.6365721997300945,1934.887223482132,0.6298729247796679,0.908606987554356,1,1,3,resnetM,WESAD
86,0.5402930402930403,0.5818181818181818,0.3988603988603989,1148.9138488769534,0.3769509476031215,0.6579397210976159,2,2,3,resnetM,WESAD
87,0.7226317226317226,0.8045454545454546,0.6916029389713599,823.4317724704742,0.680499900357749,0.90119208277103,3,3,3,resnetM,WESAD
88,0.7101532868404034,0.7363636363636363,0.5955315639526166,2745.8613920211787,0.6150183150183149,0.9125033161470408,4,4,3,resnetM,WESAD
89,0.5825784478953493,0.5772727272727273,0.4980806717648822,1295.6815712451935,0.5089171121517664,0.6280644082263516,5,5,3,resnetM,WESAD
90,0.8884189980481457,0.7818181818181819,0.6331533963112911,19.927206993103027,0.6222457876752681,0.7775447824030821,1,1,4,cnnM,WESAD
91,0.5373737373737374,0.7454545454545455,0.5834757834757834,12.308005571365356,0.5504728132387707,0.8174037163915706,2,2,4,cnnM,WESAD
92,0.539198606271777,0.75,0.5886039886039885,13.93465280532837,0.554591531621619,0.7674833039205509,3,3,4,cnnM,WESAD
93,0.5410253650486133,0.7545454545454545,0.5937321937321937,13.2435941696167,0.5586651053864168,0.8252759611059206,4,4,4,cnnM,WESAD
94,0.8772293051469253,0.7636363636363637,0.6112760533813165,12.292658805847168,0.5939340331013877,0.7918959133534033,5,5,4,cnnM,WESAD
95,0.0984848484848485,0.2954545454545455,0.3333333333333333,1081.0736863613126,0.15204678362573099,0.5,1,1,4,encoderM,WESAD
96,0.17727272727272728,0.5318181818181819,0.3333333333333333,1002.33354306221,0.2314540059347181,0.5,2,2,4,encoderM,WESAD
97,0.17727272727272728,0.5318181818181819,0.3333333333333333,998.618212223053,0.2314540059347181,0.4872844504423452,3,3,4,encoderM,WESAD
98,0.0984848484848485,0.2954545454545455,0.3333333333333333,1005.3696129322052,0.15204678362573099,0.5,4,4,4,encoderM,WESAD
99,0.0984848484848485,0.2954545454545455,0.3333333333333333,1003.3858811855316,0.15204678362573099,0.5502693288118389,5,5,4,encoderM,WESAD
100,0.726886556721639,0.759090909090909,0.7232418653471285,239.44979071617126,0.7225827837677518,0.9039297784237056,1,1,4,fcnM,WESAD
101,0.8480816583006364,0.8272727272727273,0.7072124756335283,218.2222054004669,0.704800542209891,0.9246069644855068,2,2,4,fcnM,WESAD
102,0.7300817091956332,0.8,0.7502624081571451,173.1164243221283,0.7363613613613614,0.946095597310172,3,3,4,fcnM,WESAD
103,0.7532467532467533,0.8045454545454546,0.7686009896536211,192.5007944107056,0.7601173069601851,0.9369314970529544,4,4,4,fcnM,WESAD
104,0.725685234305924,0.7727272727272727,0.6830409356725147,206.247083902359,0.6972977387876645,0.8831891530272097,5,5,4,fcnM,WESAD
105,0.7389411837086256,0.7363636363636363,0.58687959214275,2238.6564226150517,0.5991870930280786,0.8527232776220629,1,1,4,inceptionM,WESAD
106,0.5402930402930403,0.740909090909091,0.5760683760683761,1201.2685692310333,0.5458689458689459,0.900531736968984,2,2,4,inceptionM,WESAD
107,0.7870578084555652,0.8045454545454546,0.7754236017393913,1728.6988010406494,0.7806594729501578,0.9002981648730636,3,3,4,inceptionM,WESAD
108,0.6616513319091913,0.7363636363636363,0.6119508172139749,1191.4689447879794,0.6143716795140436,0.8718283216258924,4,4,4,inceptionM,WESAD
109,0.5172036878623705,0.6772727272727272,0.5088319088319088,1937.1052434444427,0.4934403931376421,0.8162606549246224,5,5,4,inceptionM,WESAD
110,0.5561407806630737,0.740909090909091,0.5760683760683761,21.872811555862427,0.5565745419760018,0.7832381743312918,1,1,4,mcdcnnM,WESAD
111,0.7089079792585712,0.8045454545454546,0.6651671914829809,14.416422843933105,0.6652137153665703,0.7848080095043658,2,2,4,mcdcnnM,WESAD
112,0.5587412587412587,0.7545454545454545,0.5914529914529915,15.272299528121948,0.5672771672771673,0.8037175450130917,3,3,4,mcdcnnM,WESAD
113,0.6050389338125187,0.7454545454545455,0.5893987104513421,9.364286661148073,0.5670270124723659,0.7982311960044753,4,4,4,mcdcnnM,WESAD
114,0.5600961538461539,0.75,0.5840455840455839,10.053405523300173,0.561675254816049,0.7729725365352896,5,5,4,mcdcnnM,WESAD
115,0.9199098831451774,0.8909090909090909,0.8049632628579997,1076.227213382721,0.8311110009583292,0.9238203167352964,1,1,4,resnetM,WESAD
116,0.7823746073014842,0.6818181818181818,0.5216974059079322,925.5808055400847,0.528040406142482,0.8129646931266364,2,2,4,resnetM,WESAD
117,0.6298252634387088,0.7954545454545454,0.650367371420003,815.6596481800079,0.6140836587593014,0.902513351096347,3,3,4,resnetM,WESAD
118,0.6841552167639123,0.7363636363636363,0.644279502174239,855.520546913147,0.6510537030185718,0.8698951520813868,4,4,4,resnetM,WESAD
119,0.8609303033763466,0.85,0.7560803718698456,1175.0189578533173,0.7801339285714285,0.9338621866961948,5,5,4,resnetM,WESAD
120,0.5252394790657625,0.7363636363636363,0.5777777777777778,36.52151608467103,0.5429742388758783,0.800731282512659,1,1,5,cnnM,WESAD
121,0.5224277963131466,0.7454545454545455,0.5925925925925926,18.14227724075317,0.5516651459854014,0.7957195750718018,2,2,5,cnnM,WESAD
122,0.5232288037166086,0.7318181818181818,0.5726495726495727,17.491300344467163,0.5388272893934493,0.7236859406899893,3,3,5,cnnM,WESAD
123,0.511636157230027,0.7227272727272728,0.566951566951567,16.501579761505127,0.5314567124165865,0.6727320437846753,4,4,5,cnnM,WESAD
124,0.5286016949152542,0.740909090909091,0.5851851851851851,17.425474405288696,0.5496875121307403,0.7444652064085263,5,5,5,cnnM,WESAD
125,0.17727272727272728,0.5318181818181819,0.3333333333333333,1090.7584342956545,0.2314540059347181,0.5,1,1,5,encoderM,WESAD
126,0.05757575757575757,0.17272727272727273,0.3333333333333333,983.1259796619416,0.09819121447028424,0.5474405112056934,2,2,5,encoderM,WESAD
127,0.17727272727272728,0.5318181818181819,0.3333333333333333,989.2985005378723,0.2314540059347181,0.5,3,3,5,encoderM,WESAD
128,0.17727272727272728,0.5318181818181819,0.3333333333333333,1027.1940238475802,0.2314540059347181,0.5,4,4,5,encoderM,WESAD
129,0.0984848484848485,0.2954545454545455,0.3333333333333333,1022.1677188873292,0.15204678362573099,0.5028490028490028,5,5,5,encoderM,WESAD
130,0.6480263157894737,0.7272727272727273,0.6481631428999851,252.80590081214905,0.6455820867787789,0.8321475944957726,1,1,5,fcnM,WESAD
131,0.6983813167475296,0.75,0.6924726345778978,300.92837142944336,0.6947304056900494,0.8921283320068746,2,2,5,fcnM,WESAD
132,0.6831108183549953,0.6545454545454545,0.649947518368571,190.6008498668671,0.625604536803563,0.8850312006182453,3,3,5,fcnM,WESAD
133,0.7674851190476191,0.8181818181818182,0.7365871944819312,240.3207411766052,0.7473855786148146,0.8828154376737372,4,4,5,fcnM,WESAD
134,0.8528229017359452,0.8409090909090909,0.7722447143499775,366.5572762489319,0.8009570977151191,0.9208057948948636,5,5,5,fcnM,WESAD
135,0.17500000000000002,0.4772727272727273,0.29914529914529914,2059.706792354584,0.22082018927444794,0.5105525566051882,1,1,5,inceptionM,WESAD
136,0.17727272727272728,0.5318181818181819,0.3333333333333333,1205.7370891571045,0.2314540059347181,0.5,2,2,5,inceptionM,WESAD
137,0.17727272727272728,0.5318181818181819,0.3333333333333333,1199.175926446915,0.2314540059347181,0.5378617483880642,3,3,5,inceptionM,WESAD
138,0.17727272727272728,0.5318181818181819,0.3333333333333333,1204.6287043094635,0.2314540059347181,0.49097315939421204,4,4,5,inceptionM,WESAD
139,0.6885584393304414,0.7545454545454545,0.6570550307392412,1433.4919035434725,0.66759618338668,0.7729387983436568,5,5,5,inceptionM,WESAD
140,0.5801687763713079,0.759090909090909,0.5897435897435898,23.02718544006348,0.5734914361001318,0.7993944427142807,1,1,5,mcdcnnM,WESAD
141,0.6249006832989035,0.740909090909091,0.5924726345778978,9.942744970321657,0.5756602369945268,0.7806665743912707,2,2,5,mcdcnnM,WESAD
142,0.5902889388906747,0.75,0.5990853201379517,10.431815862655641,0.5724707391374059,0.8314797513178082,3,3,5,mcdcnnM,WESAD
143,0.6692450007872776,0.759090909090909,0.6275603538761434,12.406110048294067,0.6293308053486111,0.7933878911611704,4,4,5,mcdcnnM,WESAD
144,0.7975998126683058,0.8272727272727273,0.6930874194032088,18.82739281654358,0.6894351340755352,0.8123706702654072,5,5,5,mcdcnnM,WESAD
145,0.645018045018045,0.6681818181818182,0.6908532013795172,1059.5014772415159,0.6560959668989375,0.7964024130016032,1,1,5,resnetM,WESAD
146,0.7592757217049547,0.7727272727272727,0.8251911830859199,721.40185379982,0.7684994743818274,0.9278723600585947,2,2,5,resnetM,WESAD
147,0.7215535045824191,0.7045454545454546,0.7067926225820963,858.5760564804077,0.675494452154922,0.8573837618372031,3,3,5,resnetM,WESAD
148,0.6620490620490621,0.6045454545454545,0.5716449242765033,562.8168008327484,0.4704294237333885,0.6648401905486926,4,4,5,resnetM,WESAD
149,0.670301357257879,0.7,0.6465437097016045,576.1044580936433,0.6386617230849736,0.8544488275257507,5,5,5,resnetM,WESAD
150,0.6392468098350451,0.7636363636363637,0.6135552556605188,41.4668402671814,0.5941728395061728,0.7714817121699712,1,1,6,cnnM,WESAD
151,0.7084740152267459,0.7863636363636364,0.6446543709701604,24.851075649261475,0.6510918018663842,0.7913624462207457,2,2,6,cnnM,WESAD
152,0.5977599016814703,0.740909090909091,0.5879142300194932,21.91318392753601,0.577196804647785,0.7718975281728319,3,3,6,cnnM,WESAD
153,0.6622531270572746,0.75,0.6045434098065677,24.08987259864807,0.610146007720827,0.7795875289802415,4,4,6,cnnM,WESAD
154,0.7540882967607105,0.8136363636363636,0.682261208576998,24.57387042045593,0.6792419790568455,0.8186915348858669,5,5,6,cnnM,WESAD
155,0.4955226546973047,0.6,0.5036887089518668,1066.1329288482666,0.4991765774066437,0.6400780880537966,1,1,6,encoderM,WESAD
156,0.5033549783549783,0.6318181818181818,0.4921877342929974,990.449569940567,0.4776369871136728,0.650802219223272,2,2,6,encoderM,WESAD
157,0.4572486405183385,0.6909090909090909,0.562962962962963,940.2367794513702,0.5039796663236679,0.6562037902118875,3,3,6,encoderM,WESAD
158,0.4626549171092871,0.6,0.5064327485380117,1138.1281275749209,0.4714465202665792,0.6525906317404293,4,4,6,encoderM,WESAD
159,0.409261715296198,0.6090909090909091,0.5207977207977208,993.1941380500792,0.4448888777780556,0.6866552475864216,5,5,6,encoderM,WESAD
160,0.7346552961307059,0.75,0.761283550757235,331.32942080497736,0.7349719416386082,0.9313742113337256,1,1,6,fcnM,WESAD
161,0.6749390701162356,0.7227272727272728,0.6316539211276053,278.7806739807129,0.6288899150824803,0.8991418388179522,2,2,6,fcnM,WESAD
162,0.7749384236453203,0.8045454545454546,0.7398860398860401,242.45012640953064,0.7532979236470707,0.9217856442552798,3,3,6,fcnM,WESAD
163,0.5431370426499242,0.6454545454545455,0.5025491078122657,169.0926933288574,0.5069557952853146,0.7173033668985086,4,4,6,fcnM,WESAD
164,0.7875848969724877,0.8045454545454546,0.7585695006747639,284.1630558967591,0.7671445479109443,0.9137582615315408,5,5,6,fcnM,WESAD
165,0.8242394179894179,0.7545454545454545,0.6511171090118458,1745.497205734253,0.6909939285272461,0.919615442287507,1,1,6,inceptionM,WESAD
166,0.5671706989247313,0.8045454545454546,0.6433048433048433,867.1791362762451,0.5995592035263718,0.9235861679181516,2,2,6,inceptionM,WESAD
167,0.6824712643678161,0.7181818181818181,0.5545209176788125,923.0338652133943,0.5574741905396016,0.8848864435908971,3,3,6,inceptionM,WESAD
168,0.5494949494949495,0.7636363636363637,0.5971509971509972,922.8797142505646,0.5631205673758864,0.955883709932293,4,4,6,inceptionM,WESAD
169,0.7462846035754964,0.7545454545454545,0.7039736092367672,2012.4113426208496,0.7048639884705459,0.8615771018605026,5,5,6,inceptionM,WESAD
170,0.6148424117848578,0.7181818181818181,0.5959964012595591,16.916927337646484,0.5995267884472429,0.8005063612351062,1,1,6,mcdcnnM,WESAD
171,0.6819218271112589,0.7772727272727272,0.6303043934622882,19.89784336090088,0.6181895312797604,0.7997871898681616,2,2,6,mcdcnnM,WESAD
172,0.823678601875533,0.8227272727272728,0.7234967761283552,16.108484745025635,0.7366708852634433,0.7994440407395874,3,3,6,mcdcnnM,WESAD
173,0.6922282558247471,0.7818181818181819,0.6381616434248013,25.161020755767822,0.6404252865000734,0.8201258405711848,4,4,6,mcdcnnM,WESAD
174,0.5854349951124145,0.75,0.5922477133003449,18.434383869171146,0.5741830065359478,0.7790332998835022,5,5,6,mcdcnnM,WESAD
175,0.619596570254465,0.6772727272727272,0.6213825161193582,804.880553483963,0.6184517321207968,0.8218173639226272,1,1,6,resnetM,WESAD
176,0.7773081534772182,0.6818181818181818,0.5449542660068977,772.973338842392,0.5027980400825228,0.8224880907067141,2,2,6,resnetM,WESAD
177,0.6469097423044792,0.7227272727272728,0.6115909431698905,387.1353361606598,0.6224593341761484,0.8106629987196788,3,3,6,resnetM,WESAD
178,0.5790085495725213,0.6727272727272727,0.5724996251312041,431.8288116455078,0.5739489220131121,0.7893534378352193,4,4,6,resnetM,WESAD
179,0.6845319991661455,0.7045454545454546,0.6767281451491978,704.827968120575,0.6564747255349929,0.858386680046599,5,5,6,resnetM,WESAD
180,0.6651433691756272,0.7636363636363637,0.6217573849152797,46.87039089202881,0.6068488507817812,0.8227874090222268,1,1,7,cnnM,WESAD
181,0.645995670995671,0.7545454545454545,0.6069425701004648,25.58907055854797,0.5981811574314091,0.8041200964277887,2,2,7,cnnM,WESAD
182,0.6782515470632938,0.7772727272727272,0.6325835957414906,22.134499311447144,0.6183815223399909,0.8019862278971591,3,3,7,cnnM,WESAD
183,0.6445887445887445,0.759090909090909,0.6097915729494677,17.16358470916748,0.6021324396917438,0.7976763901865116,4,4,7,cnnM,WESAD
184,0.6790322580645162,0.7727272727272727,0.6333783175888438,18.449024677276608,0.6235147493355784,0.8058058525669862,5,5,7,cnnM,WESAD
185,0.17727272727272728,0.5318181818181819,0.3333333333333333,909.6456067562103,0.2314540059347181,0.5,1,1,7,encoderM,WESAD
186,0.05757575757575757,0.17272727272727273,0.3333333333333333,825.9971044063568,0.09819121447028424,0.5,2,2,7,encoderM,WESAD
187,0.17727272727272728,0.5318181818181819,0.3333333333333333,827.3120558261871,0.2314540059347181,0.5193755262581173,3,3,7,encoderM,WESAD
188,0.17727272727272728,0.5318181818181819,0.3333333333333333,828.2665815353394,0.2314540059347181,0.5,4,4,7,encoderM,WESAD
189,0.17727272727272728,0.5318181818181819,0.3333333333333333,826.963027715683,0.2314540059347181,0.5,5,5,7,encoderM,WESAD
190,0.6730718556070485,0.7181818181818181,0.6656920077972711,402.9633011817932,0.6687087342010942,0.8662606549246226,1,1,7,fcnM,WESAD
191,0.8379629629629629,0.7636363636363637,0.6254011096116359,357.65453815460205,0.6072364119180127,0.908112737464964,2,2,7,fcnM,WESAD
192,0.8023937581179226,0.7772727272727272,0.657189983505773,385.6866192817688,0.6460639228607062,0.8994526915579547,3,3,7,fcnM,WESAD
193,0.70578231292517,0.7454545454545455,0.7383865647023541,233.4037721157074,0.7157335534945447,0.919787881933631,4,4,7,fcnM,WESAD
194,0.6794151676196237,0.7,0.6342780026990553,436.2456650733948,0.6047800996902369,0.9193311187238312,5,5,7,fcnM,WESAD
195,0.17727272727272728,0.5318181818181819,0.3333333333333333,1225.8632035255432,0.2314540059347181,0.5,1,1,7,inceptionM,WESAD
196,0.17727272727272728,0.5318181818181819,0.3333333333333333,883.0660815238953,0.2314540059347181,0.5,2,2,7,inceptionM,WESAD
197,0.17727272727272728,0.5318181818181819,0.3333333333333333,886.6473610401154,0.2314540059347181,0.4965085297069103,3,3,7,inceptionM,WESAD
198,0.17727272727272728,0.5318181818181819,0.3333333333333333,879.8287978172302,0.2314540059347181,0.5,4,4,7,inceptionM,WESAD
199,0.17727272727272728,0.5318181818181819,0.3333333333333333,885.9179964065552,0.2314540059347181,0.5,5,5,7,inceptionM,WESAD
200,0.5392628205128206,0.7681818181818182,0.6136752136752137,19.18553900718689,0.5708038731294546,0.7843425954761988,1,1,7,mcdcnnM,WESAD
201,0.5332508506031549,0.7545454545454545,0.5982905982905983,9.223769426345823,0.5591212330342765,0.8203253861148597,2,2,7,mcdcnnM,WESAD
202,0.539198606271777,0.75,0.5886039886039885,7.700654983520508,0.554591531621619,0.8020029528126694,3,3,7,mcdcnnM,WESAD
203,0.5373737373737374,0.7454545454545455,0.5834757834757834,9.399077653884886,0.5504728132387707,0.7648949790650196,4,4,7,mcdcnnM,WESAD
204,0.5280280823652879,0.7318181818181818,0.5794871794871795,14.379886865615845,0.5490799968411909,0.8307663471631083,5,5,7,mcdcnnM,WESAD
205,0.6698143405889886,0.7318181818181818,0.6236767131503974,654.2222850322722,0.6350947169128988,0.8164284808009504,1,1,7,resnetM,WESAD
206,0.7852813852813852,0.8045454545454546,0.7508172139751087,584.8790574073793,0.7649483297284307,0.8860064362088652,2,2,7,resnetM,WESAD
207,0.6814866950001354,0.6727272727272727,0.6809416704153546,395.9429268836975,0.6479200462419125,0.8809860779496407,3,3,7,resnetM,WESAD
208,0.7719999999999999,0.7727272727272727,0.6830409356725147,422.69889283180237,0.6894063961314213,0.8878311821631659,4,4,7,resnetM,WESAD
209,0.8615160140302455,0.8590909090909091,0.7772679562153247,448.73506093025213,0.8022221530609069,0.906978903537608,5,5,7,resnetM,WESAD
210,0.5616161616161616,0.7727272727272727,0.6074074074074075,35.94274663925171,0.5742316784869976,0.7488373300114191,1,1,8,cnnM,WESAD
211,0.5318986568986569,0.7318181818181818,0.5680911680911681,12.571712017059324,0.5378317588843905,0.7618187480535659,2,2,8,cnnM,WESAD
212,0.539198606271777,0.75,0.5886039886039885,12.959038734436035,0.554591531621619,0.7240804180075435,3,3,8,cnnM,WESAD
213,0.5502956351448047,0.7545454545454545,0.5891737891737892,11.584507942199707,0.5580886448635315,0.6995086335167308,4,4,8,cnnM,WESAD
214,0.5350503760465446,0.75,0.5908831908831909,9.350854396820068,0.5548853337995746,0.8159838287368651,5,5,8,cnnM,WESAD
215,0.0984848484848485,0.2954545454545455,0.3333333333333333,1036.2313561439514,0.15204678362573099,0.4912067314901323,1,1,8,encoderM,WESAD
216,0.17727272727272728,0.5318181818181819,0.3333333333333333,954.557158946991,0.2314540059347181,0.5,2,2,8,encoderM,WESAD
217,0.0984848484848485,0.2954545454545455,0.3333333333333333,956.2903745174408,0.15204678362573099,0.5,3,3,8,encoderM,WESAD
218,0.17727272727272728,0.5318181818181819,0.3333333333333333,956.6541283130646,0.2314540059347181,0.5,4,4,8,encoderM,WESAD
219,0.17727272727272728,0.5318181818181819,0.3333333333333333,956.5529856681824,0.2314540059347181,0.5,5,5,8,encoderM,WESAD
220,0.5471835075493612,0.759090909090909,0.5965811965811966,434.94238710403437,0.5624736527357038,0.8637634520225613,1,1,8,fcnM,WESAD
221,0.7753968253968253,0.7954545454545454,0.7086819613135402,223.61917233467102,0.7079986281413517,0.8951739967934301,2,2,8,fcnM,WESAD
222,0.7617317105219934,0.8045454545454546,0.6820362872994452,225.80571603775024,0.6651192632850241,0.9088745862025216,3,3,8,fcnM,WESAD
223,0.8874551971326164,0.7909090909090909,0.6529764582396161,398.6401023864746,0.6531468308253534,0.8765309064904206,4,4,8,fcnM,WESAD
224,0.7800810719513569,0.8090909090909091,0.7773729194781827,212.2457678318024,0.770956355515179,0.9140575798470536,5,5,8,fcnM,WESAD
225,0.4943947779196821,0.7090909090909091,0.5515669515669516,1259.5655481815338,0.5151965498149605,0.7206200906605765,1,1,8,inceptionM,WESAD
226,0.3355958958168903,0.5818181818181818,0.3943019943019943,920.218391418457,0.3439373601789709,0.5532019562383935,2,2,8,inceptionM,WESAD
227,0.38694860220163135,0.5545454545454546,0.3772079772079772,976.2000868320464,0.34070707070707074,0.6406744177999238,3,3,8,inceptionM,WESAD
228,0.37698643813961225,0.5590909090909091,0.4826210826210826,921.5711348056793,0.40892168594601785,0.7467772817975247,4,4,8,inceptionM,WESAD
229,0.4646330680813439,0.7045454545454546,0.5737891737891738,874.9185457229614,0.5063361860984839,0.7319163292847503,5,5,8,inceptionM,WESAD
230,0.6147578416055762,0.7454545454545455,0.5907632328684961,24.24085283279419,0.5795531087192599,0.7807565429022919,1,1,8,mcdcnnM,WESAD
231,0.6459584859584859,0.7636363636363637,0.608082171240066,22.670555353164676,0.6057917927483145,0.7985045618648857,2,2,8,mcdcnnM,WESAD
232,0.5683333333333334,0.75,0.5817663817663817,22.12036299705505,0.5632396797990896,0.7731051824169234,3,3,8,mcdcnnM,WESAD
233,0.5440586419753086,0.740909090909091,0.5783475783475783,13.64539885520935,0.5520735369960259,0.7505882556489843,4,4,8,mcdcnnM,WESAD
234,0.6151822546831677,0.7545454545454545,0.598740440845704,19.69144344329834,0.5885643070787637,0.7793343483626884,5,5,8,mcdcnnM,WESAD
235,0.7581529581529581,0.7363636363636363,0.6101064627380417,2859.288985967636,0.6387811277822096,0.902083117062874,1,1,8,resnetM,WESAD
236,0.8099242889298138,0.6863636363636364,0.5391213075423602,1752.904123544693,0.5624566914931196,0.8773262050589986,2,2,8,resnetM,WESAD
237,0.8387466614552798,0.7454545454545455,0.5985005248163143,1006.4887864589692,0.6176022712608078,0.8378646319941868,3,3,8,resnetM,WESAD
238,0.7795717592592593,0.8363636363636363,0.743439796071375,1672.520047903061,0.7453892002308097,0.9041921865808504,4,4,8,resnetM,WESAD
239,0.5513071895424836,0.5590909090909091,0.4648223121907333,1290.0109987258909,0.471633168524424,0.7491897066795853,5,5,8,resnetM,WESAD
240,0.5402930402930403,0.740909090909091,0.5760683760683761,16.197251319885257,0.5458689458689459,0.6918215163154434,1,1,9,cnnM,WESAD
241,0.5355496058307304,0.740909090909091,0.5783475783475783,9.359094858169557,0.5463075689639814,0.6687140270136221,2,2,9,cnnM,WESAD
242,0.5318986568986569,0.7318181818181818,0.5680911680911681,8.025551319122313,0.5378317588843905,0.6998206396991823,3,3,9,cnnM,WESAD
243,0.5331324220571879,0.7454545454545455,0.5857549857549857,9.35974097251892,0.5508196721311475,0.7577868899731248,4,4,9,cnnM,WESAD
244,0.530069226901806,0.7272727272727273,0.562962962962963,9.465178251266481,0.5335182059319991,0.6743272546916272,5,5,9,cnnM,WESAD
245,0.5160439560439561,0.6363636363636364,0.5387914230019493,973.7061791419984,0.5246368038740921,0.6856056149578418,1,1,9,encoderM,WESAD
246,0.5657545121674605,0.7045454545454546,0.5869995501574449,886.5621666908264,0.5580028445242907,0.7134249166637829,2,2,9,encoderM,WESAD
247,0.5736507936507936,0.6681818181818182,0.5441445494077073,834.7282145023346,0.5519012409565416,0.6777639364683901,3,3,9,encoderM,WESAD
248,0.5769230769230769,0.6090909090909091,0.5467536362273204,891.1089777946472,0.5573435909698463,0.7070665651637311,4,4,9,encoderM,WESAD
249,0.522612016694228,0.6590909090909091,0.5585095216674164,942.1063485145568,0.5305286874907128,0.6921121838125887,5,5,9,encoderM,WESAD
250,0.7272234017456948,0.7545454545454545,0.6242465137201979,228.0017099380493,0.6451211805226403,0.8422367555970794,1,1,9,fcnM,WESAD
251,0.7570176339667865,0.7818181818181819,0.6500074973759183,265.7754406929016,0.6569553035663945,0.89909281751387,2,2,9,fcnM,WESAD
252,0.7573042143221841,0.7681818181818182,0.7908981856350277,193.58733534812927,0.7484785980534469,0.8722983494238555,3,3,9,fcnM,WESAD
253,0.7453901212658977,0.7727272727272727,0.718563502774029,230.4677801132202,0.7210048463966959,0.8599524781711017,4,4,9,fcnM,WESAD
254,0.7268673355629877,0.7863636363636364,0.6565002249212776,206.5534918308258,0.6563457223685494,0.8613239212429495,5,5,9,fcnM,WESAD
255,0.4905017921146954,0.7272727272727273,0.5538461538461538,2518.436264753341,0.5160980392156863,0.7244316412332606,1,1,9,inceptionM,WESAD
256,0.2848528015194682,0.3272727272727273,0.33777177987704304,1191.9252336025238,0.2539339172466108,0.588088976550515,2,2,9,inceptionM,WESAD
257,0.47770740775750703,0.740909090909091,0.5692307692307693,2612.233102798462,0.5187232787851982,0.7480512589824331,3,3,9,inceptionM,WESAD
258,0.5383597883597884,0.6909090909090909,0.5201079622132253,3216.2495651245117,0.507045780499465,0.691445494077073,4,4,9,inceptionM,WESAD
259,0.8248792270531401,0.7454545454545455,0.5989653621232569,4241.2667021751395,0.5767819897292185,0.7637669123499083,5,5,9,inceptionM,WESAD
260,0.5470448260338285,0.7818181818181819,0.6358974358974361,30.868537425994873,0.5874897487512115,0.7941457028501562,1,1,9,mcdcnnM,WESAD
261,0.5709643605870021,0.7954545454545454,0.6330484330484331,23.057902812957764,0.5948599033816425,0.7860468066945799,2,2,9,mcdcnnM,WESAD
262,0.8801721284342933,0.7727272727272727,0.6288199130304393,10.89702296257019,0.6260564097342429,0.7908087938452312,3,3,9,mcdcnnM,WESAD
263,0.5388888888888889,0.759090909090909,0.6011396011396012,12.476111888885498,0.5628880866425993,0.8142640460454226,4,4,9,mcdcnnM,WESAD
264,0.5511549252469349,0.7090909090909091,0.5688858899385215,17.635892868041992,0.5524914153946412,0.7759017036344971,5,5,9,mcdcnnM,WESAD
265,0.7500573075285719,0.7136363636363636,0.7863247863247863,1310.622326374054,0.719890183890184,0.9511188391755194,1,1,9,resnetM,WESAD
266,0.6652863450972459,0.6909090909090909,0.5857100014994753,689.3664424419403,0.5937493535240695,0.8533893906363543,2,2,9,resnetM,WESAD
267,0.7703612448352981,0.8181818181818182,0.7611935822462138,730.0107109546661,0.762595021434127,0.9395192451872614,3,3,9,resnetM,WESAD
268,0.5347222222222222,0.65,0.468945868945869,826.9992032051086,0.4459218610759345,0.8972905636873248,4,4,9,resnetM,WESAD
269,0.8033640498552779,0.8227272727272728,0.8355675513570251,801.9872686862946,0.8093620855122706,0.9663171736046228,5,5,9,resnetM,WESAD
270,0.5653734800231615,0.7636363636363637,0.5994301994301994,41.82923030853272,0.5742497972424979,0.7995340092506086,1,1,10,cnnM,WESAD
271,0.6637827581223809,0.7636363636363637,0.6162843004948267,24.80280184745789,0.6152162618336053,0.7939075169844401,2,2,10,cnnM,WESAD
272,0.7106456724103783,0.7863636363636364,0.6432898485530064,22.39090132713318,0.6450617283950616,0.7969260758734443,3,3,10,cnnM,WESAD
273,0.6527525022747952,0.7681818181818182,0.6141250562303193,24.02693819999695,0.5990129116870987,0.7937829451999492,4,4,10,cnnM,WESAD
274,0.5508333333333333,0.7318181818181818,0.5658119658119658,18.5820426940918,0.5468319991628734,0.7560919062943355,5,5,10,cnnM,WESAD
275,0.17727272727272728,0.5318181818181819,0.3333333333333333,740.9492266178131,0.2314540059347181,0.5,1,1,10,encoderM,WESAD
276,0.0984848484848485,0.2954545454545455,0.3333333333333333,660.0608096122743,0.15204678362573099,0.5,2,2,10,encoderM,WESAD
277,0.17727272727272728,0.5318181818181819,0.3333333333333333,640.4687280654907,0.2314540059347181,0.5,3,3,10,encoderM,WESAD
278,0.0984848484848485,0.2954545454545455,0.3333333333333333,637.6040029525758,0.15204678362573099,0.5,4,4,10,encoderM,WESAD
279,0.17727272727272728,0.5318181818181819,0.3333333333333333,635.2533738613129,0.2314540059347181,0.5,5,5,10,encoderM,WESAD
280,0.6254584115071921,0.7545454545454545,0.6447743289848553,249.83586740493772,0.614289793052207,0.8406346240354337,1,1,10,fcnM,WESAD
281,0.6431227663479185,0.7,0.6388214125056231,234.37319922447205,0.6378896683229897,0.8728600758965132,2,2,10,fcnM,WESAD
282,0.7046991210277215,0.75,0.7066126855600541,253.33559346199038,0.7053871774901818,0.9090193432298695,3,3,10,fcnM,WESAD
283,0.6719259746909517,0.6954545454545454,0.6728744939271255,214.79689073562625,0.6618294573643411,0.8817167837410752,4,4,10,fcnM,WESAD
284,0.4731192745442769,0.6681818181818182,0.5669515669515669,218.5404689311981,0.5027025104900078,0.8688951174781133,5,5,10,fcnM,WESAD
285,0.4992728330424665,0.6045454545454545,0.4290598290598289,1719.6016232967374,0.405053747750377,0.6096237470731397,1,1,10,inceptionM,WESAD
286,0.3228070175438596,0.4636363636363636,0.3384615384615384,1076.1376903057096,0.3290398126463701,0.4799029954900401,2,2,10,inceptionM,WESAD
287,0.479831560283688,0.6318181818181818,0.4575498575498576,1964.7730305194852,0.4303757534786773,0.8004954035318407,3,3,10,inceptionM,WESAD
288,0.5407288976345673,0.7272727272727273,0.5584045584045584,1356.1290907859802,0.5322249589490968,0.8328517711108804,4,4,10,inceptionM,WESAD
289,0.6701361300916361,0.7909090909090909,0.6374868795921428,1974.426164150238,0.6204354641585631,0.8613527573041743,5,5,10,inceptionM,WESAD
290,0.7256771100838897,0.8045454545454546,0.6615234667866247,31.125242471694946,0.6587404322608589,0.8119352457409138,1,1,10,mcdcnnM,WESAD
291,0.7363572622031268,0.8136363636363636,0.6790673264357475,27.964260339736942,0.6853599749774612,0.8103406115551864,2,2,10,mcdcnnM,WESAD
292,0.7103066267268292,0.7954545454545454,0.655825461088619,22.06985330581665,0.6534562211981567,0.8064788862359712,3,3,10,mcdcnnM,WESAD
293,0.5350133809099019,0.7363636363636363,0.5800569800569799,16.252745866775513,0.5521845145301195,0.7865698928451965,4,4,10,mcdcnnM,WESAD
294,0.5418300653594771,0.75,0.5931623931623932,18.906846761703488,0.5620740740740741,0.7948965938844482,5,5,10,mcdcnnM,WESAD
295,0.5686881967427825,0.7227272727272728,0.5970310391363023,1266.6380934715269,0.5740407592564132,0.8094057464502807,1,1,10,resnetM,WESAD
296,0.7998591797218799,0.8363636363636363,0.8500524816314291,918.1744058132173,0.8134423744726096,0.9490536004706044,2,2,10,resnetM,WESAD
297,0.7599074074074075,0.8,0.7953666216824112,781.9862551689148,0.7725150787175418,0.9229494676863098,3,3,10,resnetM,WESAD
298,0.6557603276353277,0.7272727272727273,0.6527365422102265,963.436332464218,0.6542157239831659,0.8209545889707833,4,4,10,resnetM,WESAD
299,0.5536723163841808,0.7272727272727273,0.5538461538461538,1055.6574275493622,0.5307382212144117,0.6750769922834701,5,5,10,resnetM,WESAD
300,0.5761063961239553,0.8227272727272728,0.6610169491525424,16.094199657440186,0.6136456819113646,0.9326509038373446,1,1,1,cnnM,WESAD
301,0.5798180314309347,0.8227272727272728,0.6587136027813995,10.048709630966188,0.613919413919414,0.9485311909040722,2,2,1,cnnM,WESAD
302,0.578125,0.8181818181818182,0.6535853976531943,9.632013320922852,0.6102529281955525,0.9407032195167788,3,3,1,cnnM,WESAD
303,0.5761063961239553,0.8227272727272728,0.6610169491525424,9.203563451766966,0.6136456819113646,0.9372599457345221,4,4,1,cnnM,WESAD
304,0.578125,0.8181818181818182,0.6535853976531943,8.918646812438965,0.6102529281955525,0.9486786003735156,5,5,1,cnnM,WESAD
305,0.1787878787878788,0.5363636363636364,0.3333333333333333,666.7625622749329,0.232741617357002,0.5,1,1,1,encoderM,WESAD
306,0.1787878787878788,0.5363636363636364,0.3333333333333333,585.9542200565337,0.232741617357002,0.5,2,2,1,encoderM,WESAD
307,0.0984848484848485,0.2954545454545455,0.3333333333333333,586.1597549915314,0.15204678362573099,0.5,3,3,1,encoderM,WESAD
308,0.1787878787878788,0.5363636363636364,0.3333333333333333,587.9451739788054,0.232741617357002,0.5,4,4,1,encoderM,WESAD
309,0.1787878787878788,0.5363636363636364,0.3333333333333333,585.2101907730103,0.232741617357002,0.5,5,5,1,encoderM,WESAD
310,0.7554330065359478,0.8227272727272728,0.7537792029317453,269.31090116500854,0.7536552378388427,0.9318750954344176,1,1,1,fcnM,WESAD
311,0.7246831763748401,0.7454545454545455,0.7428615055733699,228.90919971466062,0.7214734950584006,0.9026198949927764,2,2,1,fcnM,WESAD
312,0.7239766081871345,0.6636363636363637,0.7414872499618262,336.45442819595337,0.6745545341050959,0.8808379435498079,3,3,1,fcnM,WESAD
313,0.6977795505916767,0.75,0.702397312566804,241.86598420143127,0.6983528828972277,0.8420340157628293,4,4,1,fcnM,WESAD
314,0.7043010752688171,0.7227272727272728,0.7163689112841656,218.85831880569458,0.6982462859240111,0.9064114309877022,5,5,1,fcnM,WESAD
315,0.7871512005191433,0.7363636363636363,0.8299740418384486,1792.3773176670074,0.7415174218474205,0.9577504492758728,1,1,1,inceptionM,WESAD
316,0.6729088639201001,0.5818181818181818,0.6400918519562587,1317.3148076534274,0.5901916627317085,0.8046155020731293,2,2,1,inceptionM,WESAD
317,0.6823361823361823,0.6,0.6888450379975805,1881.3008568286896,0.6206377221155125,0.8554171511798631,3,3,1,inceptionM,WESAD
318,0.8289558728479934,0.8545454545454545,0.8176938346429873,1635.4583313465118,0.8230276010019296,0.9548187039712462,4,4,1,inceptionM,WESAD
319,0.6911141646627734,0.6818181818181818,0.6078990333227622,1337.653378725052,0.6273001508295627,0.7617951067103611,5,5,1,inceptionM,WESAD
320,0.6650724913549696,0.6954545454545454,0.7179722094976332,21.98055148124695,0.6702063630936029,0.8959618027414638,1,1,1,mcdcnnM,WESAD
321,0.7059280554326993,0.5681818181818182,0.7254542678271493,26.958585739135746,0.5730628709352114,0.9362644913492372,2,2,1,mcdcnnM,WESAD
322,0.729347691745525,0.759090909090909,0.7637043823484501,16.437801122665405,0.7343916486413034,0.9077181483961144,3,3,1,mcdcnnM,WESAD
323,0.6851550611323923,0.7136363636363636,0.7331524484066857,19.94967603683472,0.6922077525067253,0.9026104983732104,4,4,1,mcdcnnM,WESAD
324,0.5638888888888889,0.7909090909090909,0.6251195132551065,13.170056104660034,0.5875107913669065,0.9122825563503528,5,5,1,mcdcnnM,WESAD
325,0.7504273504273504,0.7636363636363637,0.7788975416094059,803.0021321773529,0.7467320261437909,0.8990902897682559,1,1,1,resnetM,WESAD
326,0.7694388100067613,0.7772727272727272,0.8059245686364331,1265.222172498703,0.7647696476964768,0.9405916346594312,2,2,1,resnetM,WESAD
327,0.7596638655462185,0.7272727272727273,0.79340357306459,1009.2097520828247,0.7296825950470875,0.9351269130930148,3,3,1,resnetM,WESAD
328,0.7543859649122807,0.7772727272727272,0.7811879676286456,1144.1346514225004,0.7549328041559783,0.9105588639486945,4,4,1,resnetM,WESAD
329,0.7387612387612387,0.7227272727272728,0.7658421132997404,932.9576437473296,0.7189149015235973,0.898741440266864,5,5,1,resnetM,WESAD
330,0.5870967741935483,0.8318181818181818,0.6666666666666666,21.390559911727905,0.6214896214896215,0.95274087646969,1,1,2,cnnM,WESAD
331,0.5371745021798043,0.8090909090909091,0.652542372881356,15.69974160194397,0.5890554138321996,0.91299317570504,2,2,2,cnnM,WESAD
332,0.822622743944511,0.85,0.7459917544663308,14.643346786499025,0.7568436865884146,0.9116277294243396,3,3,2,cnnM,WESAD
333,0.5815295815295816,0.8272727272727273,0.6638418079096046,11.424942255020142,0.6175535099535997,0.9577034661780424,4,4,2,cnnM,WESAD
334,0.5870967741935483,0.8318181818181818,0.6666666666666666,11.176627159118652,0.6214896214896215,0.9087265231333028,5,5,2,cnnM,WESAD
335,0.1787878787878788,0.5363636363636364,0.3333333333333333,720.755288362503,0.232741617357002,0.5,1,1,2,encoderM,WESAD
336,0.1787878787878788,0.5363636363636364,0.3333333333333333,642.9781088829039,0.232741617357002,0.4313177584364025,2,2,2,encoderM,WESAD
337,0.0984848484848485,0.2954545454545455,0.3333333333333333,640.1797161102295,0.15204678362573099,0.5,3,3,2,encoderM,WESAD
338,0.1787878787878788,0.5363636363636364,0.3333333333333333,643.5178868770598,0.232741617357002,0.5,4,4,2,encoderM,WESAD
339,0.1787878787878788,0.5363636363636364,0.3333333333333333,642.4272923469542,0.232741617357002,0.5,5,5,2,encoderM,WESAD
340,0.6891425567896156,0.7318181818181818,0.6972820277905023,534.691002368927,0.6886029000875901,0.8895080869657142,1,1,2,fcnM,WESAD
341,0.7363888888888889,0.7272727272727273,0.7624828218048557,334.2245035171509,0.7204184704184704,0.9037950597272632,2,2,2,fcnM,WESAD
342,0.7759856630824373,0.7954545454545454,0.8110398534127348,319.84977340698237,0.7773948010914835,0.9312942668874872,3,3,2,fcnM,WESAD
343,0.7298965632298966,0.7227272727272728,0.7534738127958467,629.8285105228424,0.7146392623779558,0.9269735837532448,4,4,2,fcnM,WESAD
344,0.7256828780812792,0.7136363636363636,0.7478240952817224,515.1529219150543,0.7075603072638247,0.9142082760726828,5,5,2,fcnM,WESAD
345,0.7474424151132868,0.6363636363636364,0.7624945675793132,2876.227314710617,0.6581818181818182,0.844751987972327,1,1,2,inceptionM,WESAD
346,0.4648707681106662,0.6909090909090909,0.5560625814863104,1688.0621712207794,0.5060468631897204,0.8408794061336433,2,2,2,inceptionM,WESAD
347,0.6695121951219513,0.7090909090909091,0.6021635716550972,1435.5278639793396,0.5901669437884132,0.8830244194650975,3,3,2,inceptionM,WESAD
348,0.8658910533910534,0.9,0.8860765589579148,1432.8744902610779,0.8747733100306548,0.9636726687574146,4,4,2,inceptionM,WESAD
349,0.6644281644281645,0.5363636363636364,0.6773142112125163,1518.979201555252,0.5653961949207349,0.7946738785721837,5,5,2,inceptionM,WESAD
350,0.5509578544061303,0.8136363636363636,0.6553672316384181,30.7724449634552,0.5984971935542278,0.943822309924005,1,1,2,mcdcnnM,WESAD
351,0.580712788259958,0.8136363636363636,0.6461538461538462,10.400830030441282,0.6067465092735851,0.9473008210296346,2,2,2,mcdcnnM,WESAD
352,0.5854700854700855,0.8272727272727273,0.6615384615384615,18.921123027801517,0.6178539768762142,0.9439937982310864,3,3,2,mcdcnnM,WESAD
353,0.5746421267893661,0.7954545454545454,0.6256410256410256,12.333220720291138,0.5914279602512494,0.8150363531719463,4,4,2,mcdcnnM,WESAD
354,0.5689526225083732,0.8136363636363636,0.6530638852672751,10.126959085464476,0.6061351522606134,0.9534004017054866,5,5,2,mcdcnnM,WESAD
355,0.6501382947930402,0.6818181818181818,0.6538402809589251,632.2707171440126,0.6435804657773977,0.8854798736154668,1,1,2,resnetM,WESAD
356,0.6852851605758583,0.7454545454545455,0.6872041533058483,525.6736545562743,0.6855072463768116,0.8612330714025629,2,2,2,resnetM,WESAD
357,0.6908384043272481,0.6954545454545454,0.6994197587417926,924.140296459198,0.678358497870693,0.8711899644103034,3,3,2,resnetM,WESAD
358,0.6077128260771283,0.5590909090909091,0.5523579642223709,1234.9309322834015,0.5589385151028986,0.8199343411207818,4,4,2,resnetM,WESAD
359,0.6183261183261183,0.5954545454545455,0.6001679645747443,1046.0557861328123,0.5898922333704942,0.8491519550841585,5,5,2,resnetM,WESAD
360,0.5822784810126582,0.8181818181818182,0.6512820512820513,22.81203269958496,0.6104834721746738,0.955114110198856,1,1,3,cnnM,WESAD
361,0.5854700854700855,0.8272727272727273,0.6615384615384615,11.82494020462036,0.6178539768762142,0.9587887757379284,2,2,3,cnnM,WESAD
362,0.9220779220779222,0.8363636363636363,0.6795564795564796,16.549952745437622,0.6541530744677121,0.9575237558288404,3,3,3,cnnM,WESAD
363,0.5815295815295816,0.8272727272727273,0.6638418079096046,12.944457054138185,0.6175535099535997,0.950717666819362,4,4,3,cnnM,WESAD
364,0.583864118895966,0.8227272727272728,0.6564102564102564,15.153990745544435,0.6141856060606059,0.9635434652383804,5,5,3,cnnM,WESAD
365,0.0984848484848485,0.2954545454545455,0.3333333333333333,1388.8643884658813,0.15204678362573099,0.5,1,1,3,encoderM,WESAD
366,0.1787878787878788,0.5363636363636364,0.3333333333333333,1330.3686463832855,0.232741617357002,0.4795459083594677,2,2,3,encoderM,WESAD
367,0.1787878787878788,0.5363636363636364,0.3333333333333333,1298.651193857193,0.232741617357002,0.5,3,3,3,encoderM,WESAD
368,0.0984848484848485,0.2954545454545455,0.3333333333333333,1229.5150618553164,0.15204678362573099,0.5,4,4,3,encoderM,WESAD
369,0.1787878787878788,0.5363636363636364,0.3333333333333333,1209.257290840149,0.232741617357002,0.5,5,5,3,encoderM,WESAD
370,0.7365591397849464,0.6818181818181818,0.7589708352420218,569.0816316604613,0.6908831908831911,0.8884662367713215,1,1,3,fcnM,WESAD
371,0.8037037037037037,0.759090909090909,0.8502824858757062,326.87707948684687,0.764353226338511,0.9697123459835324,2,2,3,fcnM,WESAD
372,0.7633868808567602,0.7363636363636363,0.7990532905787142,440.5450310707092,0.7371345029239765,0.9435815215476232,3,3,3,fcnM,WESAD
373,0.7818627450980392,0.8181818181818182,0.806611696442205,286.8411030769348,0.7884247884247885,0.9144983967017866,4,4,3,fcnM,WESAD
374,0.6826560071063735,0.6681818181818182,0.6886547564513666,397.3603706359863,0.6611413084168127,0.8877767598106582,5,5,3,fcnM,WESAD
375,0.7223786726743641,0.7045454545454546,0.7130824435909182,1272.549533843994,0.6939102564102564,0.8860007987126631,1,1,3,inceptionM,WESAD
376,0.6979336474546497,0.7727272727272727,0.7041533058482212,1006.3242700099944,0.7003806632696085,0.8312549185430541,2,2,3,inceptionM,WESAD
377,0.9134166573313915,0.9,0.8769888532600397,837.5765357017517,0.8912436371909743,0.9379065506184152,3,3,3,inceptionM,WESAD
378,0.7055983376115389,0.740909090909091,0.7153000458085205,997.1127374172212,0.7044508003412112,0.9042596051070628,4,4,3,inceptionM,WESAD
379,0.7621725855696609,0.7545454545454545,0.7310617005532261,992.2569453716278,0.7318880272399125,0.9362967922289956,5,5,3,inceptionM,WESAD
380,0.5546007876834945,0.75,0.5766623207301174,18.15161418914795,0.5505979481575912,0.8499776830285306,1,1,3,mcdcnnM,WESAD
381,0.5747924322852865,0.8090909090909091,0.6433289873967839,11.917985439300535,0.6028186694054547,0.9398487144249856,2,2,3,mcdcnnM,WESAD
382,0.562015503875969,0.7545454545454545,0.5794871794871795,11.87856674194336,0.5544502085240566,0.8679792569623078,3,3,3,mcdcnnM,WESAD
383,0.5302424726885159,0.8,0.6422859626249456,9.952269077301024,0.5807970435122506,0.8963969836851193,4,4,3,mcdcnnM,WESAD
384,0.5667491837979406,0.7863636363636364,0.6176879617557584,14.13450813293457,0.5835910001361259,0.9179774950961392,5,5,3,mcdcnnM,WESAD
385,0.5768232892148032,0.5272727272727272,0.5470042402245793,1892.3516783714292,0.5309896599039498,0.7728255635035296,1,1,3,resnetM,WESAD
386,0.6212121212121212,0.5136363636363637,0.6060807874367197,1224.5250432491302,0.5464719194418892,0.7512579724444132,2,2,3,resnetM,WESAD
387,0.5784936479128856,0.5227272727272727,0.5404242573734099,2466.846022605896,0.5359189214237816,0.7678177525635154,3,3,3,resnetM,WESAD
388,0.6927302477793361,0.6409090909090909,0.6680761596015833,733.863067150116,0.6307965927919273,0.8259387810235269,4,4,3,resnetM,WESAD
389,0.6081863348375041,0.509090909090909,0.5707577199102624,1674.2102704048154,0.5387101387101386,0.7639663131188555,5,5,3,resnetM,WESAD
390,0.578125,0.8181818181818182,0.6535853976531943,19.261375665664676,0.6102529281955525,0.9468685765295936,1,1,4,cnnM,WESAD
391,0.5764499713544299,0.8136363636363636,0.6484571925249892,9.91694402694702,0.6065530303030303,0.9275497139903921,2,2,4,cnnM,WESAD
392,0.5822784810126582,0.8181818181818182,0.6512820512820513,12.678145408630373,0.6104834721746738,0.9414261719346464,3,3,4,cnnM,WESAD
393,0.5743145743145743,0.8181818181818182,0.6558887440243373,10.813515424728394,0.6100134710372699,0.930906656330385,4,4,4,cnnM,WESAD
394,0.578125,0.8181818181818182,0.6535853976531943,10.63542342185974,0.6102529281955525,0.9325475410221172,5,5,4,cnnM,WESAD
395,0.0984848484848485,0.2954545454545455,0.3333333333333333,901.0417621135713,0.15204678362573099,0.5,1,1,4,encoderM,WESAD
396,0.1787878787878788,0.5363636363636364,0.3333333333333333,822.2389352321625,0.232741617357002,0.6006865405170491,2,2,4,encoderM,WESAD
397,0.1787878787878788,0.5363636363636364,0.3333333333333333,822.0296816825868,0.232741617357002,0.5,3,3,4,encoderM,WESAD
398,0.1787878787878788,0.5363636363636364,0.3333333333333333,820.7373049259186,0.232741617357002,0.5,4,4,4,encoderM,WESAD
399,0.0984848484848485,0.2954545454545455,0.3333333333333333,822.5795862674713,0.15204678362573099,0.4479262835195039,5,5,4,encoderM,WESAD
400,0.82002457002457,0.8590909090909091,0.8382195755077109,298.68712949752813,0.8273042571926609,0.9255300280724008,1,1,4,fcnM,WESAD
401,0.8316749585406301,0.8636363636363636,0.7730187814933579,267.28233981132513,0.7879036672140121,0.8867889401787706,2,2,4,fcnM,WESAD
402,0.7017752148349162,0.7090909090909091,0.7140784852649259,242.60875749588013,0.6913119243216331,0.8785833421426642,3,3,4,fcnM,WESAD
403,0.7524685052774941,0.7090909090909091,0.7821041380363414,416.2001161575317,0.7147458017023234,0.9092404007658244,4,4,4,fcnM,WESAD
404,0.7406726806994097,0.7363636363636363,0.7681325393189801,254.1336042881012,0.7275757575757575,0.9011052773764638,5,5,4,fcnM,WESAD
405,0.7016572504708098,0.4318181818181818,0.4854070498138294,2009.4726507663727,0.4066315142822463,0.8685583236430693,1,1,4,inceptionM,WESAD
406,0.8980492529053681,0.8818181818181818,0.7820148701504634,1205.0734615325928,0.8052136689387992,0.9544263951043612,2,2,4,inceptionM,WESAD
407,0.6936977299880526,0.5181818181818182,0.5566545685189753,1155.6891198158266,0.5138931843531642,0.6471328564548904,3,3,4,inceptionM,WESAD
408,0.6308549150654413,0.4727272727272727,0.5946028166367149,1221.1741409301758,0.5097034146495018,0.8235855151109388,4,4,4,inceptionM,WESAD
409,0.7286929929530648,0.7772727272727272,0.7378989158650175,1297.211447238922,0.7312598411266209,0.8928585691297556,5,5,4,inceptionM,WESAD
410,0.4724658869395711,0.7,0.5640156453715776,15.424553871154785,0.5141392813960622,0.7264180086213985,1,1,4,mcdcnnM,WESAD
411,0.5815295815295816,0.8272727272727273,0.6638418079096046,14.314676761627195,0.6175535099535997,0.9538156148325642,2,2,4,mcdcnnM,WESAD
412,0.8780772509672765,0.8727272727272727,0.7763651526363392,18.351472377777103,0.7979196343779678,0.9490632744870032,3,3,4,mcdcnnM,WESAD
413,0.9284079764628964,0.9136363636363636,0.8450779332135264,18.695680856704712,0.8721836169533751,0.9751606234657082,4,4,4,mcdcnnM,WESAD
414,0.580712788259958,0.8136363636363636,0.6461538461538462,11.729066610336304,0.6067465092735851,0.9596532647380104,5,5,4,mcdcnnM,WESAD
415,0.6634690799396682,0.7090909090909091,0.6746702373821019,2195.4172656536107,0.6642030289619524,0.8147914537745047,1,1,4,resnetM,WESAD
416,0.7055948769801147,0.6681818181818182,0.7195755077111009,1447.9821991920471,0.6720432444966161,0.8617780753373973,2,2,4,resnetM,WESAD
417,0.6206421029950443,0.6181818181818182,0.6058047617369652,1627.638346672058,0.6000158183206846,0.8107379870091735,3,3,4,resnetM,WESAD
418,0.7161616161616161,0.6136363636363636,0.7227821041380363,1369.6091012954712,0.6334321049483188,0.8161892009349637,4,4,4,resnetM,WESAD
419,0.65122830741492,0.6090909090909091,0.6457474423576118,2438.8429737091064,0.6146953405017921,0.8108260803176058,5,5,4,resnetM,WESAD
420,0.5854700854700855,0.8272727272727273,0.6615384615384615,37.54143476486206,0.6178539768762142,0.9591223557325252,1,1,5,cnnM,WESAD
421,0.5764499713544299,0.8136363636363636,0.6484571925249892,15.148265838623047,0.6065530303030303,0.9441964128404808,2,2,5,cnnM,WESAD
422,0.5798180314309347,0.8227272727272728,0.6587136027813995,14.313929796218872,0.613919413919414,0.938393412969684,3,3,5,cnnM,WESAD
423,0.5815295815295816,0.8272727272727273,0.6638418079096046,15.65723729133606,0.6175535099535997,0.959132339640814,4,4,5,cnnM,WESAD
424,0.5798180314309347,0.8227272727272728,0.6587136027813995,15.255005836486815,0.613919413919414,0.9358962613199902,5,5,5,cnnM,WESAD
425,0.6576767676767677,0.8090909090909091,0.6564231767621599,1345.0917811393738,0.623054435511884,0.9036394282156994,1,1,5,encoderM,WESAD
426,0.627614169867691,0.7818181818181819,0.6456581744717339,1342.588196992874,0.6247055016956872,0.8464075548821312,2,2,5,encoderM,WESAD
427,0.684572440087146,0.8090909090909091,0.6518164840198738,1337.2570040225985,0.6199829323874634,0.901477031138048,3,3,5,encoderM,WESAD
428,0.7974921277552856,0.8181818181818182,0.665953698157088,1327.4113886356356,0.640360873694207,0.930981829286914,4,4,5,encoderM,WESAD
429,0.7097260053720728,0.7454545454545455,0.7243090548175294,1184.4176852703094,0.6990102509720749,0.8920275555868775,5,5,5,encoderM,WESAD
430,0.6842424242424242,0.7181818181818181,0.6888074515193159,334.0454173088074,0.6805610955989895,0.8852232284435674,1,1,5,fcnM,WESAD
431,0.7599642811583109,0.7545454545454545,0.7979844251030692,398.57325410842896,0.7457998350855495,0.9208276072682852,2,2,5,fcnM,WESAD
432,0.81185263653484,0.8363636363636363,0.8550160329821347,284.2993702888489,0.8189252336448599,0.9450045221231664,3,3,5,fcnM,WESAD
433,0.6819661819661819,0.7,0.6898763169949612,352.341947555542,0.6737872091749151,0.8891128416552144,4,4,5,fcnM,WESAD
434,0.7519444444444444,0.7318181818181818,0.7838601313177586,395.2218456268311,0.7300090046204036,0.91674477606681,5,5,5,fcnM,WESAD
435,0.5895508774034256,0.6136363636363636,0.5515803939532753,1721.3043382167816,0.5631603343591648,0.7842524401846435,1,1,5,inceptionM,WESAD
436,0.624197878531869,0.6272727272727273,0.6780283542995408,1201.1909129619596,0.6177268177268177,0.8974864042660653,2,2,5,inceptionM,WESAD
437,0.5992530345471522,0.6954545454545454,0.5919858580875531,1085.9329912662506,0.5414821221095301,0.8669814534221314,3,3,5,inceptionM,WESAD
438,0.7394594101827795,0.6545454545454545,0.7415471534115602,1880.8494069576266,0.6676343009676343,0.9208763522322844,4,4,5,inceptionM,WESAD
439,0.6267894313181065,0.6636363636363637,0.6156265783384428,1084.1374280452726,0.6120799835085551,0.6971992200805761,5,5,5,inceptionM,WESAD
440,0.5028633586076721,0.7545454545454545,0.5887005649717514,15.820099353790285,0.5412343487025838,0.8805037762664881,1,1,5,mcdcnnM,WESAD
441,0.580712788259958,0.8136363636363636,0.6461538461538462,8.088156700134277,0.6067465092735851,0.9651814134864982,2,2,5,mcdcnnM,WESAD
442,0.5522916431288367,0.759090909090909,0.5892220773576705,8.285974025726317,0.5594806224601051,0.8756721519433385,3,3,5,mcdcnnM,WESAD
443,0.5798180314309347,0.8227272727272728,0.6587136027813995,7.198197841644287,0.613919413919414,0.9642164981148033,4,4,5,mcdcnnM,WESAD
444,0.5670995670995671,0.8090909090909091,0.6479356801390699,7.304206609725952,0.6024734321209398,0.9096285986116494,5,5,5,mcdcnnM,WESAD
445,0.7172852116672342,0.6727272727272727,0.7347686669720569,1105.886288166046,0.6790890269151141,0.8952429613446563,1,1,5,resnetM,WESAD
446,0.8742895972325179,0.8,0.6592609558711254,549.8717157840729,0.6210038188761593,0.9160699813242186,2,2,5,resnetM,WESAD
447,0.8306033306033306,0.8681818181818182,0.8500534432737822,581.3479890823363,0.8384459180189409,0.958631382360196,3,3,5,resnetM,WESAD
448,0.6995717827360829,0.7045454545454546,0.7112536265078638,874.9976229667664,0.6879597367402246,0.89813946932591,4,4,5,resnetM,WESAD
449,0.7616832092638544,0.7636363636363637,0.7782973325346206,913.2830979824066,0.7530624589448118,0.9361035742391676,5,5,5,resnetM,WESAD
450,0.5822784810126582,0.8181818181818182,0.6512820512820513,34.805575609207146,0.6104834721746738,0.9462143368923028,1,1,6,cnnM,WESAD
451,0.5764499713544299,0.8136363636363636,0.6484571925249892,13.519210577011108,0.6065530303030303,0.9364459635646076,2,2,6,cnnM,WESAD
452,0.5798180314309347,0.8227272727272728,0.6587136027813995,13.900031089782715,0.613919413919414,0.9307985952053748,3,3,6,cnnM,WESAD
453,0.5791666666666667,0.8090909090909091,0.6410256410256411,13.825815916061401,0.6029736211031175,0.9218776795047982,4,4,6,cnnM,WESAD
454,0.5743145743145743,0.8181818181818182,0.6558887440243373,14.114073038101196,0.6100134710372699,0.9391410315139128,5,5,6,cnnM,WESAD
455,0.5420689655172414,0.8045454545454546,0.6451108213820078,4975.199599504471,0.5889733840304183,0.899338712898035,1,1,6,encoderM,WESAD
456,0.760523938572719,0.8090909090909091,0.6649106733852497,5050.067732572556,0.6206080324092748,0.9006377955530498,2,2,6,encoderM,WESAD
457,0.548350505718877,0.8045454545454546,0.6428074750108649,6776.575176000594,0.5910626422853785,0.8969613681478088,3,3,6,encoderM,WESAD
458,0.8019568641706046,0.8090909090909091,0.6772789738891434,7128.151243209839,0.6461538066616097,0.9030075055498784,4,4,6,encoderM,WESAD
459,0.6356181356181356,0.7772727272727272,0.6251324336070099,5907.794274806976,0.5831651919843436,0.8974770076464992,5,5,6,encoderM,WESAD
460,0.7625641025641027,0.8272727272727273,0.7380516109329669,339.63841295242315,0.7446236559139785,0.9390740805995044,1,1,6,fcnM,WESAD
461,0.7802153968887117,0.8227272727272728,0.7970682546953735,365.6359896659851,0.7861047715089433,0.9273406392050458,2,2,6,fcnM,WESAD
462,0.8021268137547208,0.85,0.7707283554741182,253.01780796051025,0.7808624124413598,0.9118097889284329,3,3,6,fcnM,WESAD
463,0.7588094167041536,0.8136363636363636,0.7604977859215148,283.74861526489263,0.7596217494089835,0.9214865452153588,4,4,6,fcnM,WESAD
464,0.8420422816114878,0.8772727272727273,0.8680714612918002,253.0684237480164,0.8519186879677301,0.9663689112841656,5,5,6,fcnM,WESAD
465,0.5229641644889008,0.7727272727272727,0.6299435028248587,1422.4612348079681,0.5713134568896051,0.8933395585937959,1,1,6,inceptionM,WESAD
466,0.6733941733941734,0.6954545454545454,0.7365246602534737,1091.0591683387756,0.6776871980676328,0.8939526880204847,2,2,6,inceptionM,WESAD
467,0.5431851283719922,0.5818181818181818,0.5955741921843617,1197.530888080597,0.5431988770519364,0.8440589872793263,3,3,6,inceptionM,WESAD
468,0.6420875420875422,0.6090909090909091,0.5871865346441618,2170.6668615341187,0.5960499630214172,0.8259534632415989,4,4,6,inceptionM,WESAD
469,0.7184606481481483,0.6954545454545454,0.6681501579806666,1569.9404294490814,0.6683913345054714,0.8011002854223191,5,5,6,inceptionM,WESAD
470,0.5798180314309347,0.8227272727272728,0.6587136027813995,17.620669841766354,0.613919413919414,0.9676180743977356,1,1,6,mcdcnnM,WESAD
471,0.5764499713544299,0.8136363636363636,0.6484571925249892,16.383387804031372,0.6065530303030303,0.9431298965197272,2,2,6,mcdcnnM,WESAD
472,0.5206349206349207,0.5818181818181818,0.3846153846153846,7.155515193939209,0.3287262872628726,0.7722617663295628,3,3,6,mcdcnnM,WESAD
473,0.580712788259958,0.8136363636363636,0.6461538461538462,10.99948525428772,0.6067465092735851,0.9489933871289804,4,4,6,mcdcnnM,WESAD
474,0.5696643951754807,0.8272727272727273,0.6615384615384615,18.96606945991516,0.6108491002237881,0.9547358962613199,5,5,6,mcdcnnM,WESAD
475,0.6194086093008822,0.5681818181818182,0.5657692894981031,2539.3456609249115,0.5682493078067822,0.8083165956047313,1,1,6,resnetM,WESAD
476,0.452778412215032,0.45,0.4660089032970389,2152.7225964069366,0.4390979280068009,0.6860231156841327,2,2,6,resnetM,WESAD
477,0.5149342891278376,0.759090909090909,0.6214689265536723,1245.4009971618652,0.5605616280103084,0.9107186064813184,3,3,6,resnetM,WESAD
478,0.7695627958785853,0.6454545454545455,0.7727509778357237,1862.0069034099577,0.6643259052829309,0.8068630560155983,4,4,6,resnetM,WESAD
479,0.6975867269984918,0.6136363636363636,0.7042296533821958,2329.7514073848724,0.6314015135619063,0.8206713884679987,5,5,6,resnetM,WESAD
480,0.5507836603727014,0.8090909090909091,0.652542372881356,23.885144472122192,0.5971041348739191,0.9164094342060444,1,1,7,cnnM,WESAD
481,0.9252349364289664,0.8636363636363636,0.7420980302336235,16.612409830093384,0.7538830052935596,0.9056673361758109,2,2,7,cnnM,WESAD
482,0.5761063961239553,0.8227272727272728,0.6610169491525424,14.189563274383545,0.6136456819113646,0.942537909487062,3,3,7,cnnM,WESAD
483,0.5761063961239553,0.8227272727272728,0.6610169491525424,14.948710441589355,0.6136456819113646,0.8690387258183868,4,4,7,cnnM,WESAD
484,0.5743145743145743,0.8181818181818182,0.6558887440243373,13.399381160736086,0.6100134710372699,0.9194333838401636,5,5,7,cnnM,WESAD
485,0.1787878787878788,0.5363636363636364,0.3333333333333333,991.4009902477264,0.232741617357002,0.5,1,1,7,encoderM,WESAD
486,0.1787878787878788,0.5363636363636364,0.3333333333333333,913.2953686714172,0.232741617357002,0.5,2,2,7,encoderM,WESAD
487,0.1787878787878788,0.5363636363636364,0.3333333333333333,913.183500289917,0.232741617357002,0.5,3,3,7,encoderM,WESAD
488,0.0984848484848485,0.2954545454545455,0.3333333333333333,918.4858329296112,0.15204678362573099,0.4840257467376112,4,4,7,encoderM,WESAD
489,0.1787878787878788,0.5363636363636364,0.3333333333333333,941.9450340270996,0.232741617357002,0.5356807263586925,5,5,7,encoderM,WESAD
490,0.8075412411626081,0.85,0.7521759047182776,313.0336375236511,0.7621452621452621,0.8909586901112325,1,1,7,fcnM,WESAD
491,0.7142369642369643,0.7681818181818182,0.7198808978469996,233.2296507358551,0.7158876489298615,0.8509273288934306,2,2,7,fcnM,WESAD
492,0.6825006825006824,0.740909090909091,0.6843792945487861,293.3553848266602,0.6824626664510216,0.8172093214466095,3,3,7,fcnM,WESAD
493,0.6551041551041551,0.6727272727272727,0.6543747136967476,350.0926101207733,0.6442178311844845,0.8516955025429601,4,4,7,fcnM,WESAD
494,0.6875901875901876,0.6727272727272727,0.6976637654603756,591.7535004615784,0.6655616335809185,0.8804826338724644,5,5,7,fcnM,WESAD
495,0.6863799283154122,0.7045454545454546,0.6927011757520233,1444.2926688194275,0.6784591571321429,0.8422319320624405,1,1,7,inceptionM,WESAD
496,0.6499642090193272,0.6681818181818182,0.602328012497504,922.3895013332367,0.6193287451432815,0.880370461726394,2,2,7,inceptionM,WESAD
497,0.6768253968253969,0.7727272727272727,0.6933624628539884,878.3143484592438,0.6830227743271221,0.9112506900642492,3,3,7,inceptionM,WESAD
498,0.705736025753585,0.6272727272727273,0.7188883799053291,992.5321283340454,0.6409415770234808,0.8652037304579677,4,4,7,inceptionM,WESAD
499,0.5810061398296692,0.8227272727272728,0.6610169491525424,875.870418548584,0.6161516576997831,0.8529393800580242,5,5,7,inceptionM,WESAD
500,0.5761063961239553,0.8227272727272728,0.6610169491525424,19.034814596176147,0.6136456819113646,0.9548680362239684,1,1,7,mcdcnnM,WESAD
501,0.5557236033651574,0.8045454545454546,0.6497175141242938,8.724129676818848,0.5982778879341999,0.9522757438011676,2,2,7,mcdcnnM,WESAD
502,0.578125,0.8181818181818182,0.6535853976531943,8.151928901672362,0.6102529281955525,0.9442944900572018,3,3,7,mcdcnnM,WESAD
503,0.583864118895966,0.8227272727272728,0.6564102564102564,9.339565515518187,0.6141856060606059,0.9540334989487532,4,4,7,mcdcnnM,WESAD
504,0.7166373306079189,0.7863636363636364,0.7311803328752481,19.191160678863522,0.7221608873342232,0.9119231356519492,5,5,7,mcdcnnM,WESAD
505,0.76425,0.8227272727272728,0.7491725101894593,1454.3435850143433,0.7556314114033519,0.8380234210742685,1,1,7,resnetM,WESAD
506,0.7703081232492996,0.6272727272727273,0.766058235549761,1311.764892578125,0.6480087970710627,0.8703613000223172,2,2,7,resnetM,WESAD
507,0.6614114114114115,0.5636363636363636,0.6607879065506185,1139.5227863788605,0.5862529195862529,0.8463975709738422,3,3,7,resnetM,WESAD
508,0.7471139971139972,0.7772727272727272,0.7688196671247519,2170.053396224976,0.7491039426523297,0.8744676227727076,4,4,7,resnetM,WESAD
509,0.7342882522762603,0.7227272727272728,0.7596579630477936,1472.167922258377,0.7168441070332271,0.8955213361993023,5,5,7,resnetM,WESAD
510,0.5815295815295816,0.8272727272727273,0.6638418079096046,20.108728170394894,0.6175535099535997,0.9240888215464486,1,1,8,cnnM,WESAD
511,0.5798180314309347,0.8227272727272728,0.6587136027813995,9.954510450363161,0.613919413919414,0.9446703548398464,2,2,8,cnnM,WESAD
512,0.5854700854700855,0.8272727272727273,0.6615384615384615,11.327235221862793,0.6178539768762142,0.942314152483644,3,3,8,cnnM,WESAD
513,0.5822784810126582,0.8181818181818182,0.6512820512820513,11.41201663017273,0.6104834721746738,0.9447414167753152,4,4,8,cnnM,WESAD
514,0.583864118895966,0.8227272727272728,0.6564102564102564,10.52189874649048,0.6141856060606059,0.9369639522181896,5,5,8,cnnM,WESAD
515,0.6850198412698413,0.7,0.7455336692624828,1724.1415009498596,0.6834975337872891,0.8882172263528196,1,1,8,encoderM,WESAD
516,0.7105171815341896,0.6772727272727272,0.736867636867637,2324.620969057083,0.6775054433591019,0.8972039183903591,2,2,8,encoderM,WESAD
517,0.7106564364876385,0.7363636363636363,0.7372117880592457,1636.7446718215942,0.7114142745179098,0.8964228243889262,3,3,8,encoderM,WESAD
518,0.6972629222629223,0.7045454545454546,0.7359902275156512,2274.207053422928,0.6903242093617582,0.8989957362838719,4,4,8,encoderM,WESAD
519,0.7125606340097015,0.6909090909090909,0.7522522522522523,1889.1836681365967,0.6893199334692062,0.8981523896778135,5,5,8,encoderM,WESAD
520,0.7634502923976608,0.7863636363636364,0.7930218353947168,374.775164604187,0.7649355468434894,0.9275732055393072,1,1,8,fcnM,WESAD
521,0.6543601737387237,0.6454545454545455,0.6497938616582685,557.3468794822693,0.6336363636363637,0.8760439057049227,2,2,8,fcnM,WESAD
522,0.7104292421193829,0.7090909090909091,0.7264467857688196,317.5897810459137,0.6968585747463636,0.8936925191162479,3,3,8,fcnM,WESAD
523,0.7161616161616161,0.6681818181818182,0.7296404618438518,292.64941024780273,0.6753801881943726,0.8940372575965796,4,4,8,fcnM,WESAD
524,0.7704303493777179,0.8227272727272728,0.7723316536875858,283.55581855773926,0.7713475177304964,0.9315978951572172,5,5,8,fcnM,WESAD
525,0.5810061398296692,0.8227272727272728,0.6610169491525424,5439.081929445267,0.6161516576997831,0.886916969120359,1,1,8,inceptionM,WESAD
526,0.5798180314309347,0.8227272727272728,0.6587136027813995,4421.969920158386,0.613919413919414,0.8967798959324383,2,2,8,inceptionM,WESAD
527,0.5509259259259259,0.8,0.6468926553672317,3590.827910423279,0.5944971918848215,0.7980319954896226,3,3,8,inceptionM,WESAD
528,0.7571334503950834,0.8181818181818182,0.711546096291859,2833.6872928142548,0.7151833293565577,0.7804720626754525,4,4,8,inceptionM,WESAD
529,0.5815295815295816,0.8272727272727273,0.6638418079096046,3590.0353832244873,0.6175535099535997,0.8108965549643515,5,5,8,inceptionM,WESAD
530,0.5660749506903353,0.7681818181818182,0.5948717948717949,14.314745903015135,0.5672033321318435,0.7823860366233247,1,1,8,mcdcnnM,WESAD
531,0.5870967741935483,0.8318181818181818,0.6666666666666666,7.387227773666383,0.6214896214896215,0.9366562129273992,2,2,8,mcdcnnM,WESAD
532,0.5764499713544299,0.8136363636363636,0.6484571925249892,6.417115449905396,0.6065530303030303,0.9053290578714308,3,3,8,mcdcnnM,WESAD
533,0.5746421267893661,0.7954545454545454,0.6256410256410256,6.4773807525634775,0.5914279602512494,0.9246667136497644,4,4,8,mcdcnnM,WESAD
534,0.1787878787878788,0.5363636363636364,0.3333333333333333,6.4153685569763175,0.232741617357002,0.7450632509954543,5,5,8,mcdcnnM,WESAD
535,0.6953645605330999,0.6409090909090909,0.6772895450861552,1600.5320999622345,0.6467619526443057,0.8404224955072412,1,1,8,resnetM,WESAD
536,0.678654970760234,0.65,0.6705709620963858,1199.5920524597168,0.6497526852810559,0.8667817752563516,2,2,8,resnetM,WESAD
537,0.6766197183098591,0.65,0.6528700799887242,1580.8503060340881,0.6425356629766737,0.8206355638559027,3,3,8,resnetM,WESAD
538,0.6790045405493453,0.65,0.6599057988888497,1053.1582152843478,0.6446560846560847,0.7978258571478912,4,4,8,resnetM,WESAD
539,0.6930445033893311,0.6636363636363637,0.6937171852426088,1549.223141670227,0.6651172381289031,0.8125268684590718,5,5,8,resnetM,WESAD
540,0.6826887249422461,0.7818181818181819,0.6573005861141454,25.256104946136475,0.6536057692307692,0.9008879805489975,1,1,9,cnnM,WESAD
541,0.5707799145299145,0.8090909090909091,0.6456323337679271,10.217614650726318,0.6026518795148909,0.9395621175282192,2,2,9,cnnM,WESAD
542,0.5673063835579147,0.8,0.6353759235115167,15.102499723434448,0.5951538666362358,0.9591417362603804,3,3,9,cnnM,WESAD
543,0.8165024524936544,0.85,0.8318439691321048,27.24771237373352,0.8227943890734588,0.9546395809107674,4,4,9,cnnM,WESAD
544,0.5707799145299145,0.8090909090909091,0.6456323337679271,18.289124011993405,0.6026518795148909,0.9564402081351234,5,5,9,cnnM,WESAD
545,0.05606060606060606,0.16818181818181818,0.3333333333333333,911.4197480678557,0.09597924773022047,0.5182353148454842,1,1,9,encoderM,WESAD
546,0.05606060606060606,0.16818181818181818,0.3333333333333333,836.4337899684906,0.09597924773022047,0.5,2,2,9,encoderM,WESAD
547,0.05606060606060606,0.16818181818181818,0.3333333333333333,836.4990696907042,0.09597924773022047,0.5,3,3,9,encoderM,WESAD
548,0.1787878787878788,0.5363636363636364,0.3333333333333333,834.9576320648192,0.232741617357002,0.5,4,4,9,encoderM,WESAD
549,0.0984848484848485,0.2954545454545455,0.3333333333333333,837.3818206787109,0.15204678362573099,0.5,5,5,9,encoderM,WESAD
550,0.7136752136752137,0.7545454545454545,0.7237746220797069,289.16512775421137,0.7143734643734644,0.906377955530498,1,1,9,fcnM,WESAD
551,0.7724014336917563,0.7181818181818181,0.8063063063063063,348.17842531204224,0.7262108262108261,0.9330984178441804,2,2,9,fcnM,WESAD
552,0.8455204216073781,0.8727272727272727,0.7910367995113758,209.1444525718689,0.8071111111111109,0.9079724444131224,3,3,9,fcnM,WESAD
553,0.7406060606060606,0.7727272727272727,0.7598106581157428,270.735613822937,0.7423879803217658,0.9142893219164406,4,4,9,fcnM,WESAD
554,0.6818783068783069,0.7136363636363636,0.6859825927622537,236.70155239105225,0.6774193548387099,0.8805748382019569,5,5,9,fcnM,WESAD
555,0.5882441145599041,0.5454545454545454,0.4684731667782515,2783.0978043079376,0.4830073759956776,0.7135875118925966,1,1,9,inceptionM,WESAD
556,0.7015984015984017,0.7,0.6873498009091229,2864.4563298225403,0.6661009817671809,0.8808491020355427,2,2,9,inceptionM,WESAD
557,0.7062678062678063,0.7181818181818181,0.7391322221830695,3465.660854101181,0.7050653594771242,0.843343669614856,3,3,9,inceptionM,WESAD
558,0.5815295815295816,0.8272727272727273,0.6638418079096046,2958.4676332473755,0.6175535099535997,0.7447748922325194,4,4,9,inceptionM,WESAD
559,0.4514285714285714,0.6772727272727272,0.5683181225554107,2283.516261339188,0.4976857179388824,0.7965749321681526,5,5,9,inceptionM,WESAD
560,0.5600830936401406,0.8045454545454546,0.6497175141242938,15.720884799957275,0.6006380912747954,0.9134847363660924,1,1,9,mcdcnnM,WESAD
561,0.8776450462883102,0.8727272727272727,0.7941917145306975,14.954230785369873,0.8201877307709419,0.9120270857558992,2,2,9,mcdcnnM,WESAD
562,0.9220779220779222,0.8363636363636363,0.695079695079695,15.66736626625061,0.7022389420884633,0.9893113452435488,3,3,9,mcdcnnM,WESAD
563,0.580712788259958,0.8136363636363636,0.6461538461538462,10.752445936203003,0.6067465092735851,0.9522452047875776,4,4,9,mcdcnnM,WESAD
564,0.9035135793447814,0.8727272727272727,0.7724843487555352,14.413719415664673,0.792624176863728,0.9690857089162174,5,5,9,mcdcnnM,WESAD
565,0.587018701870187,0.4863636363636364,0.5458425831307188,3149.8844587802887,0.5183935182984478,0.6764485476349883,1,1,9,resnetM,WESAD
566,0.6395289298515106,0.5818181818181818,0.6264949434440961,1716.943209886551,0.5939311077946566,0.8052650434006366,2,2,9,resnetM,WESAD
567,0.611024978466839,0.5363636363636364,0.5645477289545086,2487.2090804576874,0.5528060829302718,0.7412887463734922,3,3,9,resnetM,WESAD
568,0.5823809523809523,0.4954545454545455,0.5506407319966642,3217.4465913772583,0.5245456243768162,0.7644026686399568,4,4,9,resnetM,WESAD
569,0.7043010752688171,0.6545454545454545,0.4914032676744541,977.4696729183196,0.4997354497354498,0.8518664035613188,5,5,9,resnetM,WESAD
570,0.5815295815295816,0.8272727272727273,0.6638418079096046,41.20445442199707,0.6175535099535997,0.915614245275262,1,1,10,cnnM,WESAD
571,0.7515536794143759,0.7863636363636364,0.7806535348908229,33.76881980895996,0.7579177095306128,0.9139369486827116,2,2,10,cnnM,WESAD
572,0.6423020034960334,0.8090909090909091,0.6587265231333028,25.308318614959717,0.6248575985418091,0.9117534092110364,3,3,10,cnnM,WESAD
573,0.5725392886683209,0.8136363636363636,0.6507605388961322,19.670331478118893,0.6063492063492063,0.9610792017571678,4,4,10,cnnM,WESAD
574,0.7048611111111112,0.7909090909090909,0.6969002901206292,25.512799978256226,0.6943857946042146,0.8832317323842748,5,5,10,cnnM,WESAD
575,0.7059496182692632,0.7454545454545455,0.7281898586983333,649.8909220695497,0.7103906720205532,0.8748998672727485,1,1,10,encoderM,WESAD
576,0.7603701054890042,0.8045454545454546,0.7857688196671248,651.5336420536041,0.7694760069081523,0.9172034485593809,2,2,10,encoderM,WESAD
577,0.7208569434179192,0.7363636363636363,0.7681325393189801,606.871396780014,0.7212531594736967,0.8980601853483209,3,3,10,encoderM,WESAD
578,0.7177745473005325,0.759090909090909,0.7327836310887158,754.1576759815216,0.7205461055932543,0.901576282932215,4,4,10,encoderM,WESAD
579,0.7571350295406899,0.8,0.7767598106581156,756.6291546821594,0.7633518292813308,0.8998555269741709,5,5,10,encoderM,WESAD
580,0.8567146282973622,0.8681818181818182,0.7634753397465263,266.22725009918213,0.7799965739177249,0.9146229019110376,1,1,10,fcnM,WESAD
581,0.7364185110663984,0.7363636363636363,0.7619483890670331,361.2108869552612,0.7252780833638921,0.8907566627905611,2,2,10,fcnM,WESAD
582,0.6930122116689281,0.7,0.7022446174988547,326.021915435791,0.681665421956684,0.880375160036177,3,3,10,fcnM,WESAD
583,0.7195203197868087,0.7,0.7393495190105359,407.8953223228455,0.6969427657305367,0.8941776196013485,4,4,10,fcnM,WESAD
584,0.7342146363230699,0.7318181818181818,0.7591235303099709,338.29283785820013,0.7217277526739392,0.8877937911836217,5,5,10,fcnM,WESAD
585,0.582766439909297,0.7954545454545454,0.6440677966101694,5105.760945081711,0.610062893081761,0.6894446597836428,1,1,10,inceptionM,WESAD
586,0.5568181818181818,0.7363636363636363,0.558974358974359,4928.673555612564,0.5366868459922195,0.7331148619284212,2,2,10,inceptionM,WESAD
587,0.571994671994672,0.8090909090909091,0.6479356801390699,3401.7019391059875,0.6049396681749623,0.780922513125903,3,3,10,inceptionM,WESAD
588,0.5678727964935854,0.8181818181818182,0.6581920903954802,4069.093242883682,0.6083892803639793,0.8752581133937065,4,4,10,inceptionM,WESAD
589,0.5652173913043478,0.7681818181818182,0.6271186440677966,2614.117989063263,0.5942164179104478,0.7632609793626743,5,5,10,inceptionM,WESAD
590,0.833422956696614,0.8363636363636363,0.7406720932144659,19.84443473815918,0.7597726733143401,0.9140150580828548,1,1,10,mcdcnnM,WESAD
591,0.5655909543939237,0.7954545454545454,0.6302477183833116,7.653760194778442,0.5913510209539091,0.8744717337937677,2,2,10,mcdcnnM,WESAD
592,0.580712788259958,0.8136363636363636,0.6461538461538462,8.359708309173584,0.6067465092735851,0.9142904964938864,3,3,10,mcdcnnM,WESAD
593,0.5656652909748217,0.8136363636363636,0.6553672316384181,6.666805028915405,0.6059109656180066,0.8637360959394859,4,4,10,mcdcnnM,WESAD
594,0.580712788259958,0.8136363636363636,0.6461538461538462,10.170409440994264,0.6067465092735851,0.872763898187627,5,5,10,mcdcnnM,WESAD
595,0.7579096045197741,0.7772727272727272,0.7781587323960206,2628.3296854495998,0.7563012717829231,0.8223956681583799,1,1,10,resnetM,WESAD
596,0.9094326725905674,0.9045454545454544,0.8293632615666514,825.118085861206,0.8534674859882504,0.9081750590225166,2,2,10,resnetM,WESAD
597,0.7818181818181819,0.8090909090909091,0.7956293973243126,2123.3560755252843,0.7835007057874571,0.9029840140009632,3,3,10,resnetM,WESAD
598,0.7285604532795545,0.7045454545454546,0.7145342213138823,1821.8270797729485,0.6923496820328067,0.8319626014541268,4,4,10,resnetM,WESAD
599,0.7165532879818595,0.6909090909090909,0.6922395668158381,1710.1426928043365,0.6754850088183421,0.8367084816237359,5,5,10,resnetM,WESAD
600,0.7384848484848484,0.7863636363636364,0.7684109141736261,29.450555086135864,0.7483799760460571,0.9599915430423904,1,1,1,cnnM,WESAD
601,0.729668548270372,0.7772727272727272,0.7627611966595017,22.704116106033325,0.7396825396825397,0.9497967981018828,2,2,1,cnnM,WESAD
602,0.89289972899729,0.8727272727272727,0.8097149300539132,64.65884590148926,0.8326025874165687,0.9766999072083818,3,3,1,cnnM,WESAD
603,0.7394664250478203,0.7863636363636364,0.7684109141736261,24.03513216972351,0.7489511995520525,0.9522117293303736,4,4,1,cnnM,WESAD
604,0.7114127449611322,0.7545454545454545,0.7486369028741909,24.96633672714233,0.7200760810436515,0.9395362768244124,5,5,1,cnnM,WESAD
605,0.0984848484848485,0.2954545454545455,0.3333333333333333,848.6599962711334,0.15204678362573099,0.4978813559322034,1,1,1,encoderM,WESAD
606,0.1787878787878788,0.5363636363636364,0.3333333333333333,772.0221726894379,0.232741617357002,0.5,2,2,1,encoderM,WESAD
607,0.0984848484848485,0.2954545454545455,0.3333333333333333,771.5254096984862,0.15204678362573099,0.5,3,3,1,encoderM,WESAD
608,0.1787878787878788,0.5363636363636364,0.3333333333333333,770.4956736564636,0.232741617357002,0.5,4,4,1,encoderM,WESAD
609,0.0984848484848485,0.2954545454545455,0.3333333333333333,768.2563066482544,0.15204678362573099,0.5,5,5,1,encoderM,WESAD
610,0.8007671072888464,0.8090909090909091,0.8505608607303522,311.3799707889557,0.7984479552225331,0.9794466565653006,1,1,1,fcnM,WESAD
611,0.7569759079467818,0.8090909090909091,0.7848385543300798,176.37469840049744,0.7669531542228922,0.9141518963552864,2,2,1,fcnM,WESAD
612,0.7677606454121162,0.8090909090909091,0.8056943514570634,190.20892310142517,0.7774829555924083,0.9357958349483774,3,3,1,fcnM,WESAD
613,0.7834551590954212,0.8227272727272728,0.8295664634647686,325.3026754856109,0.7929606625258798,0.9705932790678554,4,4,1,fcnM,WESAD
614,0.6775335775335775,0.6772727272727272,0.7052209967464206,174.30819368362427,0.6558898190754525,0.9003893724232707,5,5,1,fcnM,WESAD
615,0.7025531914893617,0.7227272727272728,0.7334695843170419,2666.268283605576,0.6924558857833613,0.8747366010077875,1,1,1,inceptionM,WESAD
616,0.633829365079365,0.7227272727272728,0.6484689382994469,1162.9297528266907,0.6337607488582838,0.8816437036776019,2,2,1,inceptionM,WESAD
617,0.6315426997245179,0.7681818181818182,0.6265184349930113,1187.1061437129974,0.6004731041649575,0.8012503376910157,3,3,1,inceptionM,WESAD
618,0.8119434765776229,0.85,0.8010488976590672,1239.4089906215668,0.8041703047361289,0.8990961626554848,4,4,1,inceptionM,WESAD
619,0.5576131687242798,0.6636363636363637,0.4976531942633637,1243.8308153152464,0.5013538748832866,0.6284729318627623,5,5,1,inceptionM,WESAD
620,0.7887945718828071,0.8318181818181818,0.7904753514923005,32.08370995521545,0.7878944609162639,0.9488964844897048,1,1,1,mcdcnnM,WESAD
621,0.9235555555555556,0.9090909090909092,0.8314622314622314,12.64760422706604,0.8528873624390193,0.967491220033593,2,2,1,mcdcnnM,WESAD
622,0.8219629690487182,0.8363636363636363,0.7971810141301666,15.70726490020752,0.8036408036408037,0.9187186534644162,3,3,1,mcdcnnM,WESAD
623,0.917314049586777,0.9181818181818182,0.8556643997321963,19.4166259765625,0.8729640480926578,0.9679158297802366,4,4,1,mcdcnnM,WESAD
624,0.7727196779828359,0.8181818181818182,0.7904882718442041,23.235154390335087,0.7786083917556159,0.9340897612084051,5,5,1,mcdcnnM,WESAD
625,0.6960590061267226,0.7454545454545455,0.7206796105101191,1508.7902505397794,0.7034309439810196,0.8185342448054312,1,1,1,resnetM,WESAD
626,0.6021342134213421,0.6,0.6049473202015574,814.8588597774506,0.5838308467029515,0.7610979949962999,2,2,1,resnetM,WESAD
627,0.6878340365682138,0.7227272727272728,0.7025488330573076,977.489982366562,0.6750891245076086,0.9196530298225212,3,3,1,resnetM,WESAD
628,0.6455831045527339,0.6772727272727272,0.6380469126231839,1080.2120370864868,0.6316521954959866,0.7886318521911742,4,4,1,resnetM,WESAD
629,0.7078802206461781,0.759090909090909,0.7321834220139305,869.0142202377319,0.7116006530962182,0.8776284106792582,5,5,1,resnetM,WESAD
630,0.8723758320532514,0.8318181818181818,0.7339664305766002,79.4872772693634,0.7409457099163365,0.9058822838483856,1,1,2,cnnM,WESAD
631,0.6758205367641973,0.7,0.7147385977894453,25.56404042243957,0.6729454408025837,0.9045967088339971,2,2,2,cnnM,WESAD
632,0.6713313058249767,0.6909090909090909,0.7090888802753209,28.387515544891357,0.6662922029673476,0.9131212046466284,3,3,2,cnnM,WESAD
633,0.7336436832089007,0.7818181818181819,0.765586055416564,25.4899160861969,0.7437695482390391,0.9436666784124412,4,4,2,cnnM,WESAD
634,0.7666376390904693,0.8136363636363636,0.7853600667159989,23.61870384216309,0.7736215538847118,0.9448606363860602,5,5,2,cnnM,WESAD
635,0.05606060606060606,0.16818181818181818,0.3333333333333333,949.9307398796083,0.09597924773022047,0.5,1,1,2,encoderM,WESAD
636,0.0984848484848485,0.2954545454545455,0.3333333333333333,868.1478612422943,0.15204678362573099,0.5,2,2,2,encoderM,WESAD
637,0.1787878787878788,0.5363636363636364,0.3333333333333333,869.5573122501372,0.232741617357002,0.5,3,3,2,encoderM,WESAD
638,0.1787878787878788,0.5363636363636364,0.3333333333333333,870.6018073558807,0.232741617357002,0.5,4,4,2,encoderM,WESAD
639,0.0984848484848485,0.2954545454545455,0.3333333333333333,871.8527019023895,0.15204678362573099,0.5,5,5,2,encoderM,WESAD
640,0.798989898989899,0.8136363636363636,0.8718124904565583,439.22297382354736,0.8034045119698857,0.9841843146927892,1,1,2,fcnM,WESAD
641,0.7195991390906645,0.7,0.7249292317088928,222.94608783721924,0.6810919937019643,0.9140549937160106,2,2,2,fcnM,WESAD
642,0.7313041010359017,0.759090909090909,0.7815309442428088,258.2492778301239,0.7338852397048932,0.9214066739490469,3,3,2,fcnM,WESAD
643,0.761029411764706,0.8090909090909091,0.8009619789280805,612.5148975849153,0.7673032170783296,0.9716668428532836,4,4,2,fcnM,WESAD
644,0.83035316399287,0.8409090909090909,0.890339100508592,474.3897063732147,0.8324699760238256,0.9896261319990134,5,5,2,fcnM,WESAD
645,0.4942709039931263,0.4318181818181818,0.4135980830896085,2379.487505912781,0.4153609300214557,0.5739349519010536,1,1,2,inceptionM,WESAD
646,0.3913344407530454,0.5454545454545454,0.4265102129508909,1347.7530274391174,0.4054515788463384,0.6723152096033452,2,2,2,inceptionM,WESAD
647,0.5705128205128206,0.7636363636363637,0.6058670143415906,2959.813011884689,0.5815484025367955,0.5884072142546719,3,3,2,inceptionM,WESAD
648,0.587430141138581,0.6681818181818182,0.5935891563010207,1438.9385035037994,0.5879598020482727,0.8315056908277247,4,4,2,inceptionM,WESAD
649,0.6816391518086432,0.5409090909090909,0.5561072154292493,1523.6945269107819,0.5223968385258708,0.7992001127594349,5,5,2,inceptionM,WESAD
650,0.6038357518073543,0.6045454545454545,0.6244958126314059,36.357940912246704,0.5782851938589643,0.878296745245898,1,1,2,mcdcnnM,WESAD
651,0.6110751993104934,0.6227272727272727,0.6296110974077075,37.341601371765144,0.5908385481852316,0.8790901723105113,2,2,2,mcdcnnM,WESAD
652,0.6526956928981944,0.65,0.6836651514617617,31.79919934272766,0.6322226792815028,0.9084457991237652,3,3,2,mcdcnnM,WESAD
653,0.5742100220369838,0.6045454545454545,0.5873909111197246,28.231428146362305,0.5533004463237021,0.8784652971093649,4,4,2,mcdcnnM,WESAD
654,0.6699901345479734,0.6272727272727273,0.6695408576764509,42.056921720504754,0.6197022674991784,0.8963646828053607,5,5,2,mcdcnnM,WESAD
655,0.6831081081081081,0.6727272727272727,0.7000927916182155,1132.8484301567078,0.6499412455934195,0.8908582637396197,1,1,2,resnetM,WESAD
656,0.6634672619047618,0.7272727272727273,0.62983779085474,544.397894859314,0.6412681793301147,0.7464568871348533,2,2,2,resnetM,WESAD
657,0.7364185110663984,0.7363636363636363,0.7619483890670331,642.7131423950195,0.7252780833638921,0.9295188930782152,3,3,2,resnetM,WESAD
658,0.612544498861498,0.740909090909091,0.6141759751929243,774.8225855827333,0.6113996669091062,0.6941987619953721,4,4,2,resnetM,WESAD
659,0.6658610731114151,0.7363636363636363,0.6832575730880815,643.3550808429717,0.6709956709956709,0.9063949869034614,5,5,2,resnetM,WESAD
660,0.8149196255078609,0.8636363636363636,0.8194627482763076,42.034541606903076,0.8150266958373238,0.9359491173050496,1,1,3,cnnM,WESAD
661,0.763064713064713,0.8090909090909091,0.7825352079589368,22.148662090301514,0.7700149142056553,0.9167206972291718,2,2,3,cnnM,WESAD
662,0.7258639872778311,0.7727272727272727,0.7599363379024396,31.1058931350708,0.7353967988399978,0.9179980502014402,3,3,3,cnnM,WESAD
663,0.6912670149809813,0.7181818181818181,0.7260380328176939,30.12177300453186,0.6898520436751321,0.9108613176409788,4,4,3,cnnM,WESAD
664,0.7300354924578527,0.7772727272727272,0.7627611966595017,38.72243523597717,0.7400524082144179,0.9221308009443604,5,5,3,cnnM,WESAD
665,0.0984848484848485,0.2954545454545455,0.3333333333333333,872.0731139183044,0.15204678362573099,0.5,1,1,3,encoderM,WESAD
666,0.0984848484848485,0.2954545454545455,0.3333333333333333,798.7060263156891,0.15204678362573099,0.5,2,2,3,encoderM,WESAD
667,0.0984848484848485,0.2954545454545455,0.3333333333333333,798.7497975826262,0.15204678362573099,0.5,3,3,3,encoderM,WESAD
668,0.1787878787878788,0.5363636363636364,0.3333333333333333,792.8310661315918,0.232741617357002,0.5,4,4,3,encoderM,WESAD
669,0.1787878787878788,0.5363636363636364,0.3333333333333333,797.0626628398895,0.232741617357002,0.5,5,5,3,encoderM,WESAD
670,0.7625604618505227,0.7272727272727273,0.7942551417127689,283.91907405853266,0.7252550317066446,0.9654621374960358,1,1,3,fcnM,WESAD
671,0.7418803418803419,0.7272727272727273,0.7748511223087494,298.87423419952387,0.7132840915449611,0.9481482786567532,2,2,3,fcnM,WESAD
672,0.7883686361947232,0.7772727272727272,0.8368453198961673,326.630966424942,0.7694867343229221,0.9723950808696572,3,3,3,fcnM,WESAD
673,0.7579257246376812,0.7818181818181819,0.7942034603051553,222.1379590034485,0.7570153028591896,0.9500287771474212,4,4,3,fcnM,WESAD
674,0.7153493440847015,0.7818181818181819,0.7361170818797937,285.50867724418634,0.7151886019810548,0.9394675640438352,5,5,3,fcnM,WESAD
675,0.5058890307932454,0.7181818181818181,0.5591916558018253,1509.219043970108,0.5251064653503678,0.5772108483972889,1,1,3,inceptionM,WESAD
676,0.5688622754491018,0.7772727272727272,0.6051282051282051,823.5737524032593,0.5754584200614531,0.7885531555023081,2,2,3,inceptionM,WESAD
677,0.6034488625729502,0.6636363636363637,0.5649529581732972,823.5361120700836,0.5746521367278602,0.7465749321681526,3,3,3,inceptionM,WESAD
678,0.583222079589217,0.65,0.5972127277212023,822.7534916400909,0.5854841997961264,0.8063902885936783,4,4,3,inceptionM,WESAD
679,0.5647058823529412,0.6954545454545454,0.5128205128205128,1018.083820104599,0.5064814814814814,0.5754968462595581,5,5,3,inceptionM,WESAD
680,0.6953971419076105,0.7272727272727273,0.7316877503318181,39.00330400466919,0.6956119204835272,0.918725113640368,1,1,3,mcdcnnM,WESAD
681,0.7649327380388785,0.7909090909090909,0.7588674724267945,29.302844524383545,0.7539180725779868,0.9474100567320908,2,2,3,mcdcnnM,WESAD
682,0.8373229630443944,0.8272727272727273,0.7752821922313448,24.406992435455322,0.7885111905246133,0.9567567567567568,3,3,3,mcdcnnM,WESAD
683,0.6814687959044171,0.7181818181818181,0.7198538825657469,26.191547870635986,0.6856900063396146,0.9002865968967665,4,4,3,mcdcnnM,WESAD
684,0.8012743926722422,0.8227272727272728,0.7910097842301232,28.61534571647644,0.7905533409872616,0.9587864265830368,5,5,3,mcdcnnM,WESAD
685,0.6179314210545074,0.4272727272727273,0.43370919811597775,1139.9006071090698,0.4313251317341297,0.6146766388291812,1,1,3,resnetM,WESAD
686,0.7527500922849759,0.5772727272727273,0.6658843980877879,725.6902785301207,0.5898204311498869,0.7703836169937865,2,2,3,resnetM,WESAD
687,0.6949849370902003,0.5909090909090909,0.5693540998625743,1009.727949142456,0.5567424152759696,0.7271321517084228,3,3,3,resnetM,WESAD
688,0.7162614929094593,0.6409090909090909,0.6582625650422261,642.2954268455505,0.6264957264957266,0.8266646698850089,4,4,3,resnetM,WESAD
689,0.7119003741553582,0.740909090909091,0.6653523145048569,641.1992909908295,0.6780903352331924,0.808357705815333,5,5,3,resnetM,WESAD
690,0.7010946907498631,0.7272727272727273,0.7316877503318181,48.261732816696174,0.6983920505871725,0.8961779249914844,1,1,4,cnnM,WESAD
691,0.6875534336598581,0.7045454545454546,0.7152601101753645,27.789501905441284,0.6799778714955308,0.8854387634048649,2,2,4,cnnM,WESAD
692,0.6604887129604059,0.6409090909090909,0.6780154339476373,31.462871074676514,0.6300587484857256,0.9078238603662332,3,3,4,cnnM,WESAD
693,0.6960125757227207,0.7090909090909091,0.7203883153035696,27.8493926525116,0.6836811591149318,0.8986204587899503,4,4,4,cnnM,WESAD
694,0.6987541528239203,0.7227272727272728,0.7288628915747559,33.81494903564453,0.6947992838499536,0.9008480449158416,5,5,4,cnnM,WESAD
695,0.1787878787878788,0.5363636363636364,0.3333333333333333,990.0078353881836,0.232741617357002,0.5,1,1,4,encoderM,WESAD
696,0.0984848484848485,0.2954545454545455,0.3333333333333333,915.1856336593628,0.15204678362573099,0.5,2,2,4,encoderM,WESAD
697,0.1787878787878788,0.5363636363636364,0.3333333333333333,912.8629019260406,0.232741617357002,0.4990057201921609,3,3,4,encoderM,WESAD
698,0.1787878787878788,0.5363636363636364,0.3333333333333333,918.0011518001556,0.232741617357002,0.5,4,4,4,encoderM,WESAD
699,0.0984848484848485,0.2954545454545455,0.3333333333333333,916.9685108661653,0.15204678362573099,0.4339306059645043,5,5,4,encoderM,WESAD
700,0.7796153846153846,0.7636363636363637,0.8276448547634989,487.8556549549103,0.7603855748933469,0.982181072859039,1,1,4,fcnM,WESAD
701,0.8021978021978021,0.7545454545454545,0.8474576271186439,819.8468985557556,0.7604739010989011,0.9953745140185818,2,2,4,fcnM,WESAD
702,0.8725741656776139,0.9,0.8482457685847516,290.9353988170624,0.8555575655529735,0.9542783983461949,3,3,4,fcnM,WESAD
703,0.7695556458714353,0.7636363636363637,0.8136990967499442,338.42077851295466,0.7524124603954988,0.9665357012814642,4,4,4,fcnM,WESAD
704,0.8115851974592654,0.8181818181818182,0.8684531989616735,634.0399754047394,0.8070478634703266,0.9905499371601064,5,5,4,fcnM,WESAD
705,0.7175771047513199,0.6454545454545455,0.7211001092357024,1437.804493188858,0.6529545009096135,0.8177836898175882,1,1,4,inceptionM,WESAD
706,0.723790549514869,0.7636363636363637,0.6825058435227928,990.3783922195436,0.6982321278095927,0.8836469455113521,2,2,4,inceptionM,WESAD
707,0.7846932006633499,0.8227272727272728,0.7471205233917099,949.518926858902,0.7600347901717764,0.9368277012344808,3,3,4,inceptionM,WESAD
708,0.5401069518716578,0.6681818181818182,0.486657974793568,831.1082882881165,0.4688296903460838,0.7823140937547718,4,4,4,inceptionM,WESAD
709,0.8770053475935828,0.6863636363636364,0.5064449064449065,884.6802430152893,0.4953986283945456,0.6975912353030997,5,5,4,inceptionM,WESAD
710,0.5544611643106855,0.5818181818181818,0.5417456569998943,44.32315421104431,0.5254289348763613,0.7739396502108367,1,1,4,mcdcnnM,WESAD
711,0.6516582962644089,0.6681818181818182,0.6732572207148478,32.81143283843994,0.6294329694461663,0.8792023444565817,2,2,4,mcdcnnM,WESAD
712,0.6813939285849399,0.7045454545454546,0.7198668029176504,26.86598014831543,0.6764790764790765,0.8953116741252334,3,3,4,mcdcnnM,WESAD
713,0.7773327079424641,0.8136363636363636,0.8039125174718396,36.80283188819885,0.7874830874830874,0.9401159307938969,4,4,4,mcdcnnM,WESAD
714,0.7170071501532176,0.75,0.7643644948729694,38.931051969528205,0.7260252852297255,0.9437894217555236,5,5,4,mcdcnnM,WESAD
715,0.6871845512398508,0.6136363636363636,0.6741604707706402,1060.644434928894,0.6286419753086421,0.8698110104889766,1,1,4,resnetM,WESAD
716,0.7177171338018775,0.7681818181818182,0.7438916099933051,996.3952765464784,0.7239552386611209,0.9499923652466026,2,2,4,resnetM,WESAD
717,0.6707513733829523,0.7636363636363637,0.682380163736096,663.0677990913391,0.6754548170913903,0.8715957809178149,3,3,4,resnetM,WESAD
718,0.7470224573245927,0.7863636363636364,0.7838084499101449,771.7682211399077,0.7531125939648652,0.925863608066998,4,4,4,resnetM,WESAD
719,0.6538901601830663,0.7136363636363636,0.6713109458872171,1068.5375123023987,0.6539470039350508,0.7959911671776079,5,5,4,resnetM,WESAD
720,0.6661650114591291,0.6772727272727272,0.6944301537521876,69.53792333602904,0.6519793487464801,0.9246614280512584,1,1,5,cnnM,WESAD
721,0.7132254020668991,0.7227272727272728,0.772151943338384,37.09469199180603,0.7126115438132143,0.9546771673890316,2,2,5,cnnM,WESAD
722,0.7150759799659735,0.7272727272727273,0.7687926518434994,33.87864828109741,0.7144440690849204,0.9360377979022046,3,3,5,cnnM,WESAD
723,0.6905979543666404,0.7136363636363636,0.7355814745645254,46.42635488510132,0.6912543878501326,0.9401529299834384,4,4,5,cnnM,WESAD
724,0.6750585394941605,0.7136363636363636,0.7108448735567379,45.99337863922119,0.6781993696354948,0.9236759575742628,5,5,5,cnnM,WESAD
725,0.1787878787878788,0.5363636363636364,0.3333333333333333,768.8186841011047,0.232741617357002,0.5,1,1,5,encoderM,WESAD
726,0.1787878787878788,0.5363636363636364,0.3333333333333333,671.6917839050292,0.232741617357002,0.5,2,2,5,encoderM,WESAD
727,0.0984848484848485,0.2954545454545455,0.3333333333333333,672.7363975048065,0.15204678362573099,0.5,3,3,5,encoderM,WESAD
728,0.0984848484848485,0.2954545454545455,0.3333333333333333,675.1797828674316,0.15204678362573099,0.5,4,4,5,encoderM,WESAD
729,0.0984848484848485,0.2954545454545455,0.3333333333333333,668.2234551906587,0.15204678362573099,0.5,5,5,5,encoderM,WESAD
730,0.7381289030281607,0.75,0.7774586842383453,258.45417261123663,0.7312747582840514,0.9460563562258478,1,1,5,fcnM,WESAD
731,0.6738828543308863,0.6818181818181818,0.7149558946169116,263.82401967048645,0.6573850165955429,0.9096714706884198,2,2,5,fcnM,WESAD
732,0.7690662799021931,0.8090909090909091,0.8141818480801533,285.30234789848333,0.7815811371389444,0.9520120511645936,3,3,5,fcnM,WESAD
733,0.7547065337763011,0.7227272727272728,0.8037985834596005,286.46566343307495,0.720430427747501,0.9732766012427031,4,4,5,fcnM,WESAD
734,0.6584702660406886,0.6636363636363637,0.6859555774810011,233.97812628746036,0.6395272863717886,0.9167159989193888,5,5,5,fcnM,WESAD
735,0.6505555555555556,0.6772727272727272,0.5634882600984296,1909.6656260490415,0.5731720753716041,0.8402093097008351,1,1,5,inceptionM,WESAD
736,0.4552617521367521,0.7136363636363636,0.5333333333333333,1280.4939777851105,0.4886550104679454,0.7331753526668779,2,2,5,inceptionM,WESAD
737,0.43681551828652254,0.509090909090909,0.42889930347557453,3548.8670802116394,0.4296925575889152,0.5511839740653299,3,3,5,inceptionM,WESAD
738,0.6526541764246682,0.7727272727272727,0.6472955354311286,1199.4315450191498,0.6473884140550807,0.7902046113910521,4,4,5,inceptionM,WESAD
739,0.5009255831173639,0.7363636363636363,0.5935245545415037,1359.430463552475,0.5430746312041276,0.6671453069758155,5,5,5,inceptionM,WESAD
740,0.8960129310344828,0.9045454545454544,0.9098828946286572,34.05841302871704,0.9024472512844608,0.9673925555281488,1,1,5,mcdcnnM,WESAD
741,0.7953879261038663,0.8136363636363636,0.8595698697393613,32.72205924987793,0.8074381374074221,0.9710836651514616,2,2,5,mcdcnnM,WESAD
742,0.6442874349378415,0.6818181818181818,0.6725184115014624,32.593507289886475,0.6408943629077858,0.9038725818386834,3,3,5,mcdcnnM,WESAD
743,0.7471546712519447,0.7,0.7889484008128077,28.606038570404053,0.7099669302352326,0.9406767915242492,4,4,5,mcdcnnM,WESAD
744,0.731227575719359,0.7681818181818182,0.775663929901218,33.538020610809326,0.7419436962278518,0.9399103797408882,5,5,5,mcdcnnM,WESAD
745,0.7512827839089492,0.7818181818181819,0.6913762523932014,937.9235045909883,0.6945332318619991,0.8538144402551181,1,1,5,resnetM,WESAD
746,0.797872340425532,0.740909090909091,0.8136462407648848,901.4643723964692,0.7434477527451318,0.9773318298742028,2,2,5,resnetM,WESAD
747,0.7960081838377984,0.7909090909090909,0.8447196870925685,860.5197675228119,0.7816351925510441,0.9840057789210332,3,3,5,resnetM,WESAD
748,0.7169331395348837,0.7227272727272728,0.7666936819479192,654.5040454864503,0.7045467545204569,0.9551417127688312,4,4,5,resnetM,WESAD
749,0.7574234092694422,0.7636363636363637,0.7689582672633519,1795.9454762935638,0.7439406084201687,0.9166126361041615,5,5,5,resnetM,WESAD
750,0.5908267359880263,0.6318181818181818,0.6082208675429014,62.45247721672058,0.5795079291651898,0.8793691344538802,1,1,6,cnnM,WESAD
751,0.5604434276053439,0.5818181818181818,0.5709632709632709,46.92094349861145,0.5361251074980231,0.875151814134865,2,2,6,cnnM,WESAD
752,0.5744808980103098,0.6136363636363636,0.586856478381902,55.18677401542664,0.5554770089450728,0.8436555199267065,3,3,6,cnnM,WESAD
753,0.6391122945244098,0.6636363636363637,0.6735872769771074,35.82530403137207,0.6328222750903164,0.9011246579043188,4,4,6,cnnM,WESAD
754,0.634144420820537,0.6363636363636364,0.6690064249386283,50.041926145553596,0.6164646082479314,0.8610087271104221,5,5,6,cnnM,WESAD
755,0.1787878787878788,0.5363636363636364,0.3333333333333333,1178.5555102825165,0.232741617357002,0.5,1,1,6,encoderM,WESAD
756,0.1787878787878788,0.5363636363636364,0.3333333333333333,1098.934412240982,0.232741617357002,0.5,2,2,6,encoderM,WESAD
757,0.0984848484848485,0.2954545454545455,0.3333333333333333,1100.3060348033903,0.15204678362573099,0.465247189823461,3,3,6,encoderM,WESAD
758,0.05606060606060606,0.16818181818181818,0.3333333333333333,1100.1539256572723,0.09597924773022047,0.5,4,4,6,encoderM,WESAD
759,0.0984848484848485,0.2954545454545455,0.3333333333333333,1101.2489547729492,0.15204678362573099,0.5397811762218542,5,5,6,encoderM,WESAD
760,0.5807017543859649,0.6045454545454545,0.5835101072389208,237.50378036499023,0.5490081939941828,0.8921015539659608,1,1,6,fcnM,WESAD
761,0.7122132253711202,0.6545454545454545,0.7250466894534692,321.8154647350311,0.6503333540707561,0.9223962554471028,2,2,6,fcnM,WESAD
762,0.4720636090133235,0.6454545454545455,0.5370273794002608,193.5118453502655,0.4776494699768357,0.8197963282709045,3,3,6,fcnM,WESAD
763,0.7150928167877321,0.5818181818181818,0.6824036552850113,261.34360194206243,0.5976912389758394,0.9089279631652512,4,4,6,fcnM,WESAD
764,0.7701157756971709,0.8227272727272728,0.8002231697146952,307.353990316391,0.7799629581771977,0.9392267756674536,5,5,6,fcnM,WESAD
765,0.5136679627665842,0.7772727272727272,0.623554976097349,1223.0070960521698,0.5631023242630385,0.9480989464040309,1,1,6,inceptionM,WESAD
766,0.8524947119571978,0.8045454545454546,0.7101072389207982,872.5340158939363,0.7152424621984991,0.9305566322515474,2,2,6,inceptionM,WESAD
767,0.5162790697674419,0.5590909090909091,0.35897435897435903,880.7472488880157,0.28385528385528386,0.7455442404594947,3,3,6,inceptionM,WESAD
768,0.554938403475041,0.7772727272727272,0.6120382442416341,874.5733661651611,0.5789694503800408,0.7711400448688585,4,4,6,inceptionM,WESAD
769,0.9271523178807948,0.85,0.7182259182259182,931.32883477211,0.7337109812946244,0.9268402692131504,5,5,6,inceptionM,WESAD
770,0.818926885995159,0.8227272727272728,0.7848256339781763,27.886874437332157,0.7916617275169906,0.9119618967076596,1,1,6,mcdcnnM,WESAD
771,0.719499515375804,0.7636363636363637,0.7519832740171722,23.89648985862732,0.7290624293460368,0.9232102376170174,2,2,6,mcdcnnM,WESAD
772,0.6742511850810021,0.7,0.7147385977894453,25.655256271362305,0.6733934563999839,0.9354205574544556,3,3,6,mcdcnnM,WESAD
773,0.6585340997105703,0.6681818181818182,0.6949645864900101,38.433553218841546,0.6472818847818848,0.9096021706191196,4,4,6,mcdcnnM,WESAD
774,0.7326667083662666,0.7772727272727272,0.7689453469114486,22.154212236404422,0.7431487368244939,0.9463253344609276,5,5,6,mcdcnnM,WESAD
775,0.6832962425415255,0.7181818181818181,0.7021530004580853,1457.4421615600586,0.6906015037593985,0.8699008656635775,1,1,6,resnetM,WESAD
776,0.6622259460969139,0.6863636363636364,0.7079671588146165,678.3515195846558,0.6666056465409217,0.8567573440454797,2,2,6,resnetM,WESAD
777,0.7364425770308123,0.7,0.7089314868975887,1760.4755382537842,0.6670346418007721,0.924977976672892,3,3,6,resnetM,WESAD
778,0.598808855897458,0.6,0.5668651702550008,724.0467970371246,0.5718697726060818,0.753661745187169,4,4,6,resnetM,WESAD
779,0.6357821637426899,0.6909090909090909,0.6656741487249963,899.6621968746185,0.6445468569876417,0.8231656036740783,5,5,6,resnetM,WESAD
780,0.7933170794556933,0.8227272727272728,0.8342988359937512,33.57669162750244,0.8085188381202822,0.9540934023984872,1,1,7,cnnM,WESAD
781,0.7378309905197776,0.7727272727272727,0.7784887886582802,31.755008935928345,0.7463010556787469,0.9421162361840328,2,2,7,cnnM,WESAD
782,0.7796696641208837,0.8045454545454546,0.810631100461609,22.62121868133545,0.7895021058536075,0.9603732807122638,3,3,7,cnnM,WESAD
783,0.6138175777710662,0.6409090909090909,0.6301196894417233,24.462663888931274,0.5997863247863248,0.8632668522499031,4,4,7,cnnM,WESAD
784,0.7255269957840337,0.7454545454545455,0.7438387540082455,21.55786228179932,0.7268213284197653,0.9226229488941352,5,5,7,cnnM,WESAD
785,0.1787878787878788,0.5363636363636364,0.3333333333333333,1148.8356540203094,0.232741617357002,0.5,1,1,7,encoderM,WESAD
786,0.1787878787878788,0.5363636363636364,0.3333333333333333,1037.2161180973053,0.232741617357002,0.5,2,2,7,encoderM,WESAD
787,0.1787878787878788,0.5363636363636364,0.3333333333333333,1028.3850519657137,0.232741617357002,0.5,3,3,7,encoderM,WESAD
788,0.0984848484848485,0.2954545454545455,0.3333333333333333,1000.2196288108826,0.15204678362573099,0.5,4,4,7,encoderM,WESAD
789,0.1787878787878788,0.5363636363636364,0.3333333333333333,1000.0301179885864,0.232741617357002,0.5,5,5,7,encoderM,WESAD
790,0.6510147918816651,0.7136363636363636,0.6674301420064133,305.1272213459015,0.6355079739510877,0.9188126196600772,1,1,7,fcnM,WESAD
791,0.7601019293775026,0.740909090909091,0.8043071754936162,234.88227963447568,0.7338464005130673,0.9638887910074352,2,2,7,fcnM,WESAD
792,0.5780813736468832,0.6136363636363636,0.5815238967781341,223.70151948928836,0.5581960365210639,0.8115349378061243,3,3,7,fcnM,WESAD
793,0.5972665248981038,0.6318181818181818,0.6050659525235796,207.6646611690521,0.5703258145363408,0.8489264362145721,4,4,7,fcnM,WESAD
794,0.7734037204625441,0.8227272727272728,0.7979198233435522,229.83511877059937,0.7814518814518815,0.9616512209732551,5,5,7,fcnM,WESAD
795,0.4749848208864602,0.4909090909090909,0.4441370966794696,1961.194373369217,0.427267074317924,0.6639134571337961,1,1,7,inceptionM,WESAD
796,0.5968720821661998,0.5818181818181818,0.5880639439961474,1739.223096370697,0.5533084404796098,0.8102934094459519,2,2,7,inceptionM,WESAD
797,0.6502086639628518,0.5590909090909091,0.5895885455207489,2006.8120620250704,0.5551491074010594,0.7517982780694644,3,3,7,inceptionM,WESAD
798,0.7518720906699049,0.7363636363636363,0.7675323302441948,2133.4711859226227,0.7205119335869942,0.8868902474834678,4,4,7,inceptionM,WESAD
799,0.6804842259721203,0.7636363636363637,0.6846835101072388,3155.117662668228,0.6693667699371956,0.889946791641707,5,5,7,inceptionM,WESAD
800,0.8303905362986709,0.8636363636363636,0.8535384145553637,44.86456537246704,0.8387271784845648,0.9604032324371308,1,1,7,mcdcnnM,WESAD
801,0.8010822510822511,0.8136363636363636,0.6662837544193476,18.927176952362057,0.6609958960328317,0.9198615173191445,2,2,7,mcdcnnM,WESAD
802,0.8908258463662021,0.8818181818181818,0.7874731315409281,39.09173798561096,0.8058862851239477,0.945414449651738,3,3,7,mcdcnnM,WESAD
803,0.8965630970336852,0.8909090909090909,0.8000328881684814,22.54898548126221,0.8141433326618511,0.9781481611990088,4,4,7,mcdcnnM,WESAD
804,0.7945510542525468,0.8090909090909091,0.8466800568495484,37.85857152938843,0.795673076923077,0.9688666502225824,5,5,7,mcdcnnM,WESAD
805,0.8290441176470589,0.85,0.8882272102611086,1001.5371205806732,0.8350266225980215,0.9816243231497471,1,1,7,resnetM,WESAD
806,0.772831541218638,0.8181818181818182,0.8143733042038127,743.0371451377869,0.7822763015425033,0.9610950585526856,2,2,7,resnetM,WESAD
807,0.6918406072106262,0.7136363636363636,0.7145999976508453,451.9631536006928,0.6739238810442999,0.8910614656377368,3,3,7,resnetM,WESAD
808,0.7567192647823825,0.740909090909091,0.7956939990838295,667.0998599529266,0.7301510535055052,0.9402615783971716,4,4,7,resnetM,WESAD
809,0.6276105536975102,0.6863636363636364,0.6358093425890036,739.7163679599762,0.6102953224631239,0.8902486580452682,5,5,7,resnetM,WESAD
810,0.8313492063492064,0.8590909090909091,0.8012403537827266,34.963924646377556,0.8111365377144683,0.9458220280254178,1,1,8,cnnM,WESAD
811,0.7886423177685313,0.8318181818181818,0.7958079330960688,21.06286358833313,0.7855712651606849,0.9503506113675604,2,2,8,cnnM,WESAD
812,0.5396825396825397,0.7818181818181819,0.6286831812255541,7.891227960586548,0.5798046803021927,0.9229835441699851,3,3,8,cnnM,WESAD
813,0.5396825396825397,0.7818181818181819,0.6286831812255541,8.375851392745973,0.5798046803021927,0.9186540517048992,4,4,8,cnnM,WESAD
814,0.5652605459057072,0.8045454545454546,0.6428074750108649,8.135772943496704,0.5987789987789988,0.9077193229735604,5,5,8,cnnM,WESAD
815,0.6645968569367832,0.6454545454545455,0.5498983990509414,2907.717433691025,0.5766527661940507,0.7887234692319437,1,1,8,encoderM,WESAD
816,0.3739778739778739,0.55,0.3694480660582356,2714.6639144420624,0.32298106172112656,0.72838072753327,2,2,8,encoderM,WESAD
817,0.7400379450739162,0.759090909090909,0.7039430564854294,3606.230988740921,0.7019498581005156,0.8827906785533903,3,3,8,encoderM,WESAD
818,0.6641710676193435,0.5818181818181818,0.43165956047311976,2746.740752935409,0.4313100780637192,0.7791706308655462,4,4,8,encoderM,WESAD
819,0.6760094743965711,0.6272727272727273,0.4977389384169045,2857.264568328857,0.5171201814058958,0.7953698157087987,5,5,8,encoderM,WESAD
820,0.7607772858247241,0.7909090909090909,0.7982757203096188,385.0193603038788,0.7613302876460771,0.9574632650903836,1,1,8,fcnM,WESAD
821,0.7559573721363738,0.6909090909090909,0.7372317558758237,219.3050787448883,0.6769804822043629,0.9744664481952618,2,2,8,fcnM,WESAD
822,0.7770286467697471,0.8227272727272728,0.7917356730916053,217.67338871955872,0.7796442075249489,0.8807521993962671,3,3,8,fcnM,WESAD
823,0.8465952080706178,0.8681818181818182,0.7759693200371167,217.42709279060364,0.7895646750909909,0.9634541973525024,4,4,8,fcnM,WESAD
824,0.7793826566094259,0.7272727272727273,0.8189917427205563,269.3490571975708,0.7367706167706167,0.9626819126819128,5,5,8,fcnM,WESAD
825,0.1787878787878788,0.5363636363636364,0.3333333333333333,1210.7718482017515,0.232741617357002,0.5,1,1,8,inceptionM,WESAD
826,0.1787878787878788,0.5363636363636364,0.3333333333333333,873.1851975917816,0.232741617357002,0.5,2,2,8,inceptionM,WESAD
827,0.4442948200017955,0.6045454545454545,0.5208170360712733,1143.8351719379425,0.44077012797135023,0.7235176832634459,3,3,8,inceptionM,WESAD
828,0.5137614678899083,0.5454545454545454,0.34358974358974353,871.2955229282379,0.254027481639422,0.5637363895838472,4,4,8,inceptionM,WESAD
829,0.1787878787878788,0.5363636363636364,0.3333333333333333,869.1003589630127,0.232741617357002,0.5,5,5,8,inceptionM,WESAD
830,0.7228821469245853,0.7318181818181818,0.7654333603486146,29.69233727455139,0.7173203650397122,0.9570210366820536,1,1,8,mcdcnnM,WESAD
831,0.6123379477038013,0.6318181818181818,0.6228925144179381,27.04864954948425,0.5932806290833165,0.8614621140044868,2,2,8,mcdcnnM,WESAD
832,0.6603976156607736,0.6681818181818182,0.6926612401188672,19.604949951171875,0.6483583920030369,0.9204335365352314,3,3,8,mcdcnnM,WESAD
833,0.6441427545932522,0.7045454545454546,0.6657869081597895,26.66515302658081,0.6458256165573238,0.9274052409645632,4,4,8,mcdcnnM,WESAD
834,0.6887724678422352,0.7227272727272728,0.7288628915747559,23.720682859420773,0.6926792372712676,0.8677484524942152,5,5,8,mcdcnnM,WESAD
835,0.67952581179986,0.759090909090909,0.6972561870866957,1432.3859186172485,0.6862922705314011,0.8771785475175305,1,1,8,resnetM,WESAD
836,0.7767857142857143,0.6590909090909091,0.7535853976531942,880.152991771698,0.6751001405947422,0.9322192466260262,2,2,8,resnetM,WESAD
837,0.6285476966328031,0.6545454545454545,0.5898469525588169,1019.3774003982544,0.5675440911289968,0.7263813030762183,3,3,8,resnetM,WESAD
838,0.4893949555921387,0.5136363636363637,0.4870044751400684,1480.7629899978638,0.4637548846699173,0.6553795647015986,4,4,8,resnetM,WESAD
839,0.6916739640265321,0.759090909090909,0.7150827489810542,882.1753580570221,0.695420326727155,0.9043242068665798,5,5,8,resnetM,WESAD
840,0.682352360260715,0.7090909090909091,0.7203883153035696,66.53788256645204,0.6815250711272124,0.9247465849160766,1,1,9,cnnM,WESAD
841,0.6005565548944545,0.5954545454545455,0.6002936443614411,40.4806559085846,0.5673885971086686,0.9029887123107462,2,2,9,cnnM,WESAD
842,0.6475084104289319,0.6818181818181818,0.6725184115014624,64.39782691001892,0.6420689655172414,0.9071484783349191,3,3,9,cnnM,WESAD
843,0.6755491422158088,0.7090909090909091,0.7142041650516227,48.41321396827698,0.6777657217776571,0.8954966700729413,4,4,9,cnnM,WESAD
844,0.6958874458874459,0.7318181818181818,0.7345126090888803,42.14680862426758,0.7004462332273834,0.950144473025829,5,5,9,cnnM,WESAD
845,0.05606060606060606,0.16818181818181818,0.3333333333333333,1078.5249915122986,0.09597924773022047,0.5,1,1,9,encoderM,WESAD
846,0.05606060606060606,0.16818181818181818,0.3333333333333333,999.6991460323334,0.09597924773022047,0.5,2,2,9,encoderM,WESAD
847,0.1787878787878788,0.5363636363636364,0.3333333333333333,1001.1712577342987,0.232741617357002,0.5,3,3,9,encoderM,WESAD
848,0.1787878787878788,0.5363636363636364,0.3333333333333333,1002.0952565670012,0.232741617357002,0.5,4,4,9,encoderM,WESAD
849,0.1787878787878788,0.5363636363636364,0.3333333333333333,1002.093873500824,0.232741617357002,0.4873415788670026,5,5,9,encoderM,WESAD
850,0.7375370972750366,0.7454545454545455,0.7838472109658552,345.82754373550415,0.7257778278226762,0.9522211259499396,1,1,9,fcnM,WESAD
851,0.6102048857368007,0.7045454545454546,0.6271045491384475,220.41976976394653,0.6083837061617433,0.8929877726487896,2,2,9,fcnM,WESAD
852,0.6837926377194746,0.7318181818181818,0.7128052433137179,209.26705932617188,0.6826895580530811,0.925573487437894,3,3,9,fcnM,WESAD
853,0.7321330831183048,0.7772727272727272,0.7703971246344127,325.56517672538763,0.7365965325019256,0.9333221748475986,4,4,9,fcnM,WESAD
854,0.5947790507364975,0.7045454545454546,0.6078262095211248,222.1234848499298,0.5890857102558678,0.7784512021800157,5,5,9,fcnM,WESAD
855,0.7913631084362791,0.7681818181818182,0.8405346676533118,2776.0359582901,0.7705858411740764,0.935947355438881,1,1,9,inceptionM,WESAD
856,0.4735064935064935,0.6090909090909091,0.4745457321728508,1211.924212932587,0.4703134116862549,0.7354064625251066,2,2,9,inceptionM,WESAD
857,0.5746421267893661,0.7954545454545454,0.6256410256410256,1307.9633166790006,0.5914279602512494,0.8336269776947742,3,3,9,inceptionM,WESAD
858,0.7302540883903229,0.740909090909091,0.6344315632451226,1175.0951678752901,0.6603621817865606,0.9308508639017112,4,4,9,inceptionM,WESAD
859,0.5652933832709114,0.6363636363636364,0.4638547282615079,1521.577790737152,0.4607249389858086,0.7564983497186887,5,5,9,inceptionM,WESAD
860,0.6469719073803912,0.6590909090909091,0.6847081762335999,26.799718856811523,0.6388662399988085,0.8578132891692215,1,1,9,mcdcnnM,WESAD
861,0.729668548270372,0.7772727272727272,0.7627611966595017,33.072136878967285,0.7396825396825397,0.9457151414778532,2,2,9,mcdcnnM,WESAD
862,0.8014611554434564,0.8363636363636363,0.7971810141301666,22.74762845039368,0.7973008606102132,0.9387540082455338,3,3,9,mcdcnnM,WESAD
863,0.6505275343481219,0.6545454545454545,0.6841866638476808,20.64137578010559,0.6363092512140078,0.9001638535536841,4,4,9,mcdcnnM,WESAD
864,0.6608974358974359,0.65,0.6813618050906186,25.86823344230652,0.6367262762380993,0.9210490151168118,5,5,9,mcdcnnM,WESAD
865,0.7143416894880978,0.7727272727272727,0.708034109729025,706.4821784496307,0.6892658888750377,0.9484618908347722,1,1,9,resnetM,WESAD
866,0.7655826558265583,0.7772727272727272,0.8113828300268979,490.2659187316895,0.7604702900591382,0.9396660676321694,2,2,9,resnetM,WESAD
867,0.7798165137614679,0.6727272727272727,0.7966101694915254,725.9768569469452,0.6892749749415303,0.97111185501016,3,3,9,resnetM,WESAD
868,0.7660696690430651,0.7454545454545455,0.8047030080928387,650.2270040512085,0.7374962924845535,0.948288640661522,4,4,9,resnetM,WESAD
869,0.7944722079512608,0.7818181818181819,0.8467058975533552,512.3147099018097,0.7807623347933594,0.981644878255048,5,5,9,resnetM,WESAD
870,0.7260682072552506,0.7454545454545455,0.7924603873756416,58.158358812332146,0.7359468398346953,0.9472879006777312,1,1,10,cnnM,WESAD
871,0.8700476722746076,0.8727272727272727,0.8035307798019663,41.152365684509284,0.8220673253927977,0.9550260168904238,2,2,10,cnnM,WESAD
872,0.6633382307594639,0.7136363636363636,0.6737399720450568,33.1376473903656,0.6558951191425282,0.922977671282756,3,3,10,cnnM,WESAD
873,0.6123927343601959,0.6590909090909091,0.6274733664564174,36.52816939353943,0.6037037037037037,0.9010072001597426,4,4,10,cnnM,WESAD
874,0.696163099386096,0.7545454545454545,0.7177161516144567,57.326672792434685,0.7007833436404866,0.93365869128581,5,5,10,cnnM,WESAD
875,0.3704448915716521,0.5409090909090909,0.3453715775749673,6508.989056825639,0.26865838648315993,0.6116200946709421,1,1,10,encoderM,WESAD
876,0.4305555555555555,0.5454545454545454,0.3458930899608866,7125.3005554676065,0.26251844137811337,0.6570926859062453,2,2,10,encoderM,WESAD
877,0.3470948012232416,0.5409090909090909,0.3384615384615384,7033.388375282288,0.24407723288320304,0.6191232953944819,3,3,10,encoderM,WESAD
878,0.3798449612403101,0.5409090909090909,0.3430682312038245,7199.7085700035095,0.26080366080366085,0.6018769747583307,4,4,10,encoderM,WESAD
879,0.1787878787878788,0.5363636363636364,0.3333333333333333,5969.14689230919,0.232741617357002,0.5907085051152848,5,5,10,encoderM,WESAD
880,0.773109243697479,0.7454545454545455,0.8147679622255893,427.04840755462646,0.7427635560063405,0.976709303827948,1,1,10,fcnM,WESAD
881,0.7325949367088608,0.6863636363636364,0.7803481447549245,494.9448003768921,0.6835536062378168,0.9748669791042672,2,2,10,fcnM,WESAD
882,0.7538888888888889,0.75,0.7905528736037212,310.8085927963257,0.7339876926044617,0.9564143674313166,3,3,10,fcnM,WESAD
883,0.7839646464646465,0.7681818181818182,0.8242855632686141,359.03287863731384,0.7605002609773601,0.9761343481682464,4,4,10,fcnM,WESAD
884,0.7382255673394914,0.7318181818181818,0.7838601313177586,341.5501809120178,0.7165415415415416,0.9624687268755064,5,5,10,fcnM,WESAD
885,0.4745366458227706,0.6863636363636364,0.5716644936983921,1688.6051518917084,0.4974671475355471,0.6627638394587547,1,1,10,inceptionM,WESAD
886,0.5324754353151919,0.4909090909090909,0.4691250572606505,2071.945865392685,0.4594178628389154,0.7248790185230863,2,2,10,inceptionM,WESAD
887,0.7102416155787955,0.5818181818181818,0.6577927340639206,1524.482494354248,0.5919767720625451,0.814322210084922,3,3,10,inceptionM,WESAD
888,0.6835571835571836,0.6818181818181818,0.6842865029305708,1274.9334542751312,0.6518543551828148,0.8654703595381562,4,4,10,inceptionM,WESAD
889,0.4840203584995251,0.5590909090909091,0.4941459060103128,1984.1116337776184,0.4433470063327576,0.724591834337597,5,5,10,inceptionM,WESAD
890,0.6300483881960063,0.6409090909090909,0.6571596368206537,41.140718698501594,0.6154723383374764,0.8765577833374444,1,1,10,mcdcnnM,WESAD
891,0.6325609031491385,0.6681818181818182,0.6370038878513455,36.708695411682136,0.615999528037521,0.8670765941952383,2,2,10,mcdcnnM,WESAD
892,0.7095952013269274,0.6590909090909091,0.7449722212434077,39.58985805511474,0.6662162784122663,0.9089602640450096,3,3,10,mcdcnnM,WESAD
893,0.5596600196142529,0.6045454545454545,0.572719264244688,27.340713024139404,0.5441963921716846,0.8617980431539753,4,4,10,mcdcnnM,WESAD
894,0.6293919177977149,0.6318181818181818,0.6414449651737787,35.308388948440545,0.6032529653893192,0.8838853847328423,5,5,10,mcdcnnM,WESAD
895,0.1787878787878788,0.5363636363636364,0.3333333333333333,1425.9134414196014,0.232741617357002,0.4816601477618427,1,1,10,resnetM,WESAD
896,0.259429887705154,0.40454545454545454,0.5495495495495496,857.7395775318146,0.3515606801770324,0.6588983050847458,2,2,10,resnetM,WESAD
897,0.5204301075268817,0.7727272727272727,0.6,908.1752390861512,0.5548229548229549,0.7033264033264034,3,3,10,resnetM,WESAD
898,0.4461805555555556,0.4227272727272727,0.4124293785310735,1057.0617208480837,0.2964660732370343,0.5725880052151239,4,4,10,resnetM,WESAD
899,0.4427015250544662,0.6090909090909091,0.5098218166014776,1049.9725239276886,0.4428735632183908,0.6617654486298554,5,5,10,resnetM,WESAD
900,0.6693654344661056,0.7945205479452054,0.6472412851723197,24.755270957946774,0.6274460267439644,0.9041386606041778,1,1,1,cnnM,WESAD
901,0.7534154623706862,0.8082191780821918,0.7110809869430559,19.38898086547852,0.7220405553365743,0.908343100153445,2,2,1,cnnM,WESAD
902,0.7522639634267542,0.8036529680365296,0.7204783153059015,17.73288488388061,0.730136506708076,0.8983985945192842,3,3,1,cnnM,WESAD
903,0.7388157658143633,0.8082191780821918,0.725924200062131,21.373421669006348,0.7279100529100528,0.8929338821580199,4,4,1,cnnM,WESAD
904,0.7743787573508936,0.8310502283105022,0.7280211245728486,15.255493402481079,0.733372204330665,0.9229680307266516,5,5,1,cnnM,WESAD
905,0.1004566210045662,0.3013698630136986,0.3333333333333333,874.5510745048523,0.1543859649122807,0.5,1,1,1,encoderM,WESAD
906,0.0563165905631659,0.1689497716894977,0.3333333333333333,796.7427489757538,0.09635416666666667,0.5,2,2,1,encoderM,WESAD
907,0.1765601217656012,0.5296803652968036,0.3333333333333333,797.1274173259735,0.2308457711442786,0.5,3,3,1,encoderM,WESAD
908,0.1765601217656012,0.5296803652968036,0.3333333333333333,793.0505375862123,0.2308457711442786,0.5,4,4,1,encoderM,WESAD
909,0.1765601217656012,0.5296803652968036,0.3333333333333333,797.9130342006682,0.2308457711442786,0.5,5,5,1,encoderM,WESAD
910,0.7874828916262286,0.7990867579908676,0.7041477213891008,278.2575135231018,0.7283380548819576,0.9109860252101633,1,1,1,fcnM,WESAD
911,0.8506732723577235,0.8447488584474886,0.8245196607265574,335.1743130683899,0.8306518241509763,0.9584298248091352,2,2,1,fcnM,WESAD
912,0.9083333333333332,0.7990867579908676,0.6867321867321867,289.4238955974579,0.7334700429329585,0.9793696517834448,3,3,1,fcnM,WESAD
913,0.7979054164621174,0.8127853881278538,0.8239971946868501,222.31554102897644,0.7932269170579029,0.9588299114161184,4,4,1,fcnM,WESAD
914,0.8513987942063084,0.8493150684931506,0.7891943667805738,262.6058177947998,0.8134353369763206,0.9466825759929208,5,5,1,fcnM,WESAD
915,0.7867799009200284,0.7397260273972602,0.6161263144021764,3330.9765977859497,0.6427488767390245,0.8288317706421154,1,1,1,inceptionM,WESAD
916,0.5845238095238096,0.4977168949771689,0.443048848221262,1460.668963432312,0.4555787750191293,0.7557659540418161,2,2,1,inceptionM,WESAD
917,0.4872180451127819,0.5114155251141552,0.4942175718037787,1785.699439048767,0.4642771804062127,0.731191222570533,3,3,1,inceptionM,WESAD
918,0.7174954674954676,0.7671232876712328,0.7155007672249053,2199.030876874924,0.7164641298041263,0.8784160335884476,4,4,1,inceptionM,WESAD
919,0.6104302477183833,0.6438356164383562,0.6258437120506086,1459.5012209415436,0.6080229047831522,0.7892490845077053,5,5,1,inceptionM,WESAD
920,0.5869708994708994,0.7442922374429224,0.6094966439794026,33.382742404937744,0.5934087197113743,0.8544402553023241,1,1,1,mcdcnnM,WESAD
921,0.6664353190668979,0.7671232876712328,0.6567186308565619,32.66381025314331,0.6546364452281356,0.8588500334189989,2,2,1,mcdcnnM,WESAD
922,0.6831088664421999,0.7351598173515982,0.6878641964848863,25.28782296180725,0.6840772709675148,0.8693428930497896,3,3,1,mcdcnnM,WESAD
923,0.574119167869168,0.6027397260273972,0.5510934131623787,17.258403778076172,0.5594090830399908,0.8033221309083377,4,4,1,mcdcnnM,WESAD
924,0.6954678662652801,0.7625570776255708,0.6801684129270336,30.124658346176147,0.6856396129123401,0.8779329878467809,5,5,1,mcdcnnM,WESAD
925,0.7907001063991488,0.8401826484018264,0.7761256554360002,1009.2809925079346,0.7774609592036978,0.9248001920415714,1,1,1,resnetM,WESAD
926,0.6581605528973951,0.7214611872146118,0.6835973904939423,527.1725075244904,0.6669459574944163,0.8322148559217525,2,2,1,resnetM,WESAD
927,0.7908803932531917,0.7945205479452054,0.8065675393261601,796.2359409332275,0.765168656560688,0.8546014666704322,3,3,1,resnetM,WESAD
928,0.7234903674923102,0.680365296803653,0.6229089591158556,891.2320992946625,0.5957760337917297,0.8366034529827632,4,4,1,resnetM,WESAD
929,0.6339517483585281,0.7442922374429224,0.6087058845679536,526.2605144977571,0.6021092558235416,0.8832517862690277,5,5,1,resnetM,WESAD
930,0.7638861564692766,0.8264840182648402,0.7067412239826032,26.480712890625,0.7051561092176911,0.8701312990106094,1,1,2,cnnM,WESAD
931,0.6654169024712319,0.7534246575342466,0.647702561495665,26.7684965133667,0.6513855970329405,0.8470357112598492,2,2,2,cnnM,WESAD
932,0.6340277777777777,0.7168949771689498,0.6290679394127671,26.749327182769772,0.6313511033850017,0.8571426049874326,3,3,2,cnnM,WESAD
933,0.7466999540863176,0.8036529680365296,0.7371030905513664,29.76008582115173,0.7410149930788346,0.8842084639498432,4,4,2,cnnM,WESAD
934,0.7017689331122167,0.7899543378995434,0.6793988345712484,16.055511951446533,0.6776504898610162,0.8524045205079688,5,5,2,cnnM,WESAD
935,0.0563165905631659,0.1689497716894977,0.3333333333333333,673.6006193161012,0.09635416666666667,0.5,1,1,2,encoderM,WESAD
936,0.1765601217656012,0.5296803652968036,0.3333333333333333,601.135468006134,0.2308457711442786,0.5,2,2,2,encoderM,WESAD
937,0.1765601217656012,0.5296803652968036,0.3333333333333333,600.6191163063048,0.2308457711442786,0.5,3,3,2,encoderM,WESAD
938,0.1765601217656012,0.5296803652968036,0.3333333333333333,596.3205347061157,0.2308457711442786,0.5,4,4,2,encoderM,WESAD
939,0.1765601217656012,0.5296803652968036,0.3333333333333333,595.3311014175415,0.2308457711442786,0.5,5,5,2,encoderM,WESAD
940,0.7270822859058153,0.7625570776255708,0.6344526344526344,232.5269465446472,0.6554589539789792,0.902670695774144,1,1,2,fcnM,WESAD
941,0.8359225486885061,0.8538812785388128,0.8809318723111826,199.32713913917544,0.8384722222222223,0.9544601419601421,2,2,2,fcnM,WESAD
942,0.8893105629348513,0.9086757990867579,0.8641541227748125,205.89146518707275,0.8754525402634531,0.9799544842648291,3,3,2,fcnM,WESAD
943,0.7507747752493327,0.7945205479452054,0.7555023675713329,184.66990876197812,0.7523392422071322,0.9331190516535344,4,4,2,fcnM,WESAD
944,0.8630027877339707,0.8538812785388128,0.7999849379159724,278.4464581012726,0.8243775597888557,0.9587740169636724,5,5,2,fcnM,WESAD
945,0.7224848398032755,0.5981735159817352,0.5135935308349101,1166.5919637680056,0.4470005015067393,0.8831282301109887,1,1,2,inceptionM,WESAD
946,0.6255705705705705,0.6301369863013698,0.5447838120251913,898.50372838974,0.5229532913838418,0.7308952761538968,2,2,2,inceptionM,WESAD
947,0.5827502120441052,0.4748858447488584,0.4603490637973396,799.3432278633118,0.4339273489678031,0.7306405151232737,3,3,2,inceptionM,WESAD
948,0.7143738977072309,0.6849315068493149,0.6204378359550774,953.8017203807832,0.6125515109890111,0.8648154424016493,4,4,2,inceptionM,WESAD
949,0.5982434563685558,0.5205479452054794,0.5941733269319476,848.6996212005615,0.54490869513982,0.8485984024777128,5,5,2,inceptionM,WESAD
950,0.6071389410538385,0.6940639269406392,0.5958984062432338,29.610839128494266,0.6001575057293582,0.8199633803082079,1,1,2,mcdcnnM,WESAD
951,0.7386324786324786,0.8082191780821918,0.6580389166596063,22.526493787765503,0.6338327666121177,0.8676778267295507,2,2,2,mcdcnnM,WESAD
952,0.7017412935323383,0.771689497716895,0.6985818106507762,25.662418127059933,0.6994558984048181,0.8861565327082568,3,3,2,mcdcnnM,WESAD
953,0.7148989898989898,0.7579908675799086,0.7267737957393129,26.08452320098877,0.7178024589789297,0.8903450864657761,4,4,2,mcdcnnM,WESAD
954,0.7677350427350427,0.817351598173516,0.7312759467931883,24.35275840759277,0.7418199810830544,0.9240782710610296,5,5,2,mcdcnnM,WESAD
955,0.6862923391679927,0.7534246575342466,0.6859014186600394,1155.9875316619873,0.6806240278142512,0.9194031413859001,1,1,2,resnetM,WESAD
956,0.7588126629628605,0.8036529680365296,0.7588772157737674,744.4475753307343,0.7527577233054364,0.8655667815150574,2,2,2,resnetM,WESAD
957,0.6460981047937571,0.680365296803653,0.648041458386286,1077.376186132431,0.6391012445097382,0.862957393129807,3,3,2,resnetM,WESAD
958,0.9108044733044732,0.821917808219178,0.7238602238602239,591.7830791473389,0.7711500974658869,0.9410260574053678,4,4,2,resnetM,WESAD
959,0.6572523442174446,0.6757990867579908,0.6784174456588249,1115.1273419857023,0.6497815528238765,0.8676113417492727,5,5,2,resnetM,WESAD
960,0.6384776615566733,0.7305936073059359,0.6315531832773212,32.317437887191765,0.6334200459954121,0.8439744603537708,1,1,3,cnnM,WESAD
961,0.6707629288274449,0.7442922374429224,0.656403268472234,28.37955141067505,0.6621419745584184,0.8574167819857474,2,2,3,cnnM,WESAD
962,0.6891534391534392,0.771689497716895,0.6696861438240749,32.92483901977539,0.6739741629396421,0.8661780903160213,3,3,3,cnnM,WESAD
963,0.5853419667140753,0.7442922374429224,0.6029658184830599,23.45587611198425,0.5854032422610206,0.8556375733099871,4,4,3,cnnM,WESAD
964,0.7090722855045418,0.7762557077625569,0.6909660444143203,41.22881293296814,0.6976425176252911,0.8754642181366319,5,5,3,cnnM,WESAD
965,0.1765601217656012,0.5296803652968036,0.3333333333333333,808.6564772129059,0.2308457711442786,0.5,1,1,3,encoderM,WESAD
966,0.0563165905631659,0.1689497716894977,0.3333333333333333,732.3232498168945,0.09635416666666667,0.5,2,2,3,encoderM,WESAD
967,0.1765601217656012,0.5296803652968036,0.3333333333333333,731.3654828071594,0.2308457711442786,0.5,3,3,3,encoderM,WESAD
968,0.1765601217656012,0.5296803652968036,0.3333333333333333,732.7732186317444,0.2308457711442786,0.5,4,4,3,encoderM,WESAD
969,0.1765601217656012,0.5296803652968036,0.3333333333333333,730.3031363487244,0.2308457711442786,0.5,5,5,3,encoderM,WESAD
970,0.8003472222222222,0.8127853881278538,0.8301326404774679,365.434778213501,0.7960166884612989,0.9518772298944714,1,1,3,fcnM,WESAD
971,0.760612548918172,0.7579908675799086,0.7905052387811008,216.33474826812744,0.7533206831119544,0.9274731235938132,2,2,3,fcnM,WESAD
972,0.8270609318996415,0.8264840182648402,0.8130254078529942,216.54301333427432,0.8118143164190261,0.9701264744368192,3,3,3,fcnM,WESAD
973,0.829444729323859,0.8767123287671232,0.8610593351972663,225.65613436698916,0.8415212783901319,0.9500809587016484,4,4,3,fcnM,WESAD
974,0.7407407407407408,0.7397260273972602,0.6590744349365039,328.21502590179443,0.6817427932078454,0.8696541368955163,5,5,3,fcnM,WESAD
975,0.5227558066541117,0.6621004566210046,0.5268999406930441,1705.5529913902285,0.5164392839864537,0.7593655567793499,1,1,3,inceptionM,WESAD
976,0.8010393231724707,0.7853881278538812,0.6608912988223333,1046.4314384460451,0.6784507170914406,0.8842631816769747,2,2,3,inceptionM,WESAD
977,0.5604793756967671,0.6118721461187214,0.5439789319099665,1263.5936677455902,0.5496212670282905,0.6983093987404333,3,3,3,inceptionM,WESAD
978,0.690844134263875,0.7853881278538812,0.662672860948723,1801.9090871810915,0.6693447827218318,0.8274420580455063,4,4,3,inceptionM,WESAD
979,0.6436214695708367,0.6529680365296804,0.5324376100238171,1526.7489936351776,0.5362778837231391,0.8228298831747107,5,5,3,inceptionM,WESAD
980,0.9117499749574276,0.8310502283105022,0.6828960622064071,26.13979148864746,0.6626069891710408,0.9418215237180756,1,1,3,mcdcnnM,WESAD
981,0.8854319593450027,0.8538812785388128,0.7423889406648027,22.609042882919308,0.7537568833307601,0.9324877385222212,2,2,3,mcdcnnM,WESAD
982,0.7886818495514148,0.8310502283105022,0.8139173656415036,18.706361770629886,0.7985742723188922,0.9315563604356708,3,3,3,mcdcnnM,WESAD
983,0.8799978956228957,0.8356164383561644,0.7200099786306683,29.86458730697632,0.7388888888888888,0.9276131539062574,4,4,3,mcdcnnM,WESAD
984,0.5688405797101449,0.8082191780821918,0.6522988505747126,20.010722398757935,0.6062289562289562,0.9041215980871152,5,5,3,mcdcnnM,WESAD
985,0.7998502353444588,0.7168949771689498,0.6538144727799899,1472.352216720581,0.6455938037865749,0.932793687104032,1,1,3,resnetM,WESAD
986,0.8272038442251208,0.8447488584474886,0.8381767347284589,704.379467010498,0.8151539521363175,0.8741421672456156,2,2,3,resnetM,WESAD
987,0.6646534148827726,0.6301369863013698,0.6372155854914476,1583.6357107162476,0.5944586894586895,0.8626261449537312,3,3,3,resnetM,WESAD
988,0.7024155592469546,0.7442922374429224,0.7157808278497934,710.3730268478394,0.7078272604588394,0.8314870513146374,4,4,3,resnetM,WESAD
989,0.6937652164708373,0.7077625570776256,0.6512303839890047,638.8382534980774,0.664110127826942,0.7706274064032684,5,5,3,resnetM,WESAD
990,0.7666324903167009,0.771689497716895,0.6439582215444285,37.24164628982544,0.6579839871679852,0.9088137902793076,1,1,4,cnnM,WESAD
991,0.7065407772304324,0.7534246575342466,0.7029215736112288,26.31649398803711,0.7043527843447651,0.8812784179163492,2,2,4,cnnM,WESAD
992,0.7657072635177284,0.7990867579908676,0.6742612518474588,29.437419176101685,0.682303070894764,0.8808736244081072,3,3,4,cnnM,WESAD
993,0.7068783068783069,0.7214611872146118,0.7261501313225452,27.32311820983887,0.7023820235768461,0.8832894414790967,4,4,4,cnnM,WESAD
994,0.7064917233612564,0.7579908675799086,0.6913473034162689,26.989527463912964,0.6981612916691221,0.8665511122407675,5,5,4,cnnM,WESAD
995,0.0563165905631659,0.1689497716894977,0.3333333333333333,1070.1923370361328,0.09635416666666667,0.5,1,1,4,encoderM,WESAD
996,0.1765601217656012,0.5296803652968036,0.3333333333333333,991.5892598628998,0.2308457711442786,0.5,2,2,4,encoderM,WESAD
997,0.1765601217656012,0.5296803652968036,0.3333333333333333,995.0532758235933,0.2308457711442786,0.5,3,3,4,encoderM,WESAD
998,0.1004566210045662,0.3013698630136986,0.3333333333333333,997.4654359817504,0.1543859649122807,0.5,4,4,4,encoderM,WESAD
999,0.1004566210045662,0.3013698630136986,0.3333333333333333,993.7546756267548,0.1543859649122807,0.5,5,5,4,encoderM,WESAD
1000,0.8926856943353408,0.9178082191780822,0.8991922957440198,322.33594131469727,0.8958512222585449,0.9790513475858303,1,1,4,fcnM,WESAD
1001,0.8858585858585858,0.9086757990867579,0.8689033861447655,289.5492436885834,0.8765133171912832,0.9776604582639064,2,2,4,fcnM,WESAD
1002,0.9531452560362988,0.9497716894977168,0.9311827501482672,198.1393358707428,0.9414085726084301,0.9928308010204562,3,3,4,fcnM,WESAD
1003,0.8724939855653568,0.8904109589041096,0.8811601570222259,195.53260517120358,0.8746442255062945,0.9827756832067176,4,4,4,fcnM,WESAD
1004,0.8202016430171769,0.8493150684931506,0.8517349638039292,205.2835109233856,0.8285386154556541,0.9643716992854924,5,5,4,fcnM,WESAD
1005,0.745782208588957,0.7305936073059359,0.5884097263407608,1681.9796733856201,0.6000754574608566,0.7021113982320879,1,1,4,inceptionM,WESAD
1006,0.3493680437653273,0.5296803652968036,0.3638105189829328,1561.5245258808136,0.3331537291808853,0.7038806047426737,2,2,4,inceptionM,WESAD
1007,0.6741898148148149,0.6073059360730594,0.4459106441865062,1090.6157875061037,0.4410878976096367,0.7152966053828123,3,3,4,inceptionM,WESAD
1008,0.668733850129199,0.7351598173515982,0.634231410093479,1307.31387758255,0.6455099908301879,0.7873886817852336,4,4,4,inceptionM,WESAD
1009,0.7238476571809905,0.6392694063926939,0.4830457416664313,1197.4738299846651,0.4886941432327779,0.7312318195938886,5,5,4,inceptionM,WESAD
1010,0.7956981730052199,0.8127853881278538,0.6710064296271193,31.39296841621399,0.6617252281139953,0.8930403757989965,1,1,4,mcdcnnM,WESAD
1011,0.6567164179104478,0.771689497716895,0.6578106319485629,14.662061929702759,0.6504231007626594,0.8749599913393017,2,2,4,mcdcnnM,WESAD
1012,0.796422300263389,0.8356164383561644,0.7287177459591252,17.76358413696289,0.7373149855771505,0.8943177111280559,3,3,4,mcdcnnM,WESAD
1013,0.8282186745190874,0.8401826484018264,0.7193204175962796,18.907710552215573,0.7248633906426248,0.9133783077748596,4,4,4,mcdcnnM,WESAD
1014,0.7772076779429721,0.8264840182648402,0.7865020192606401,17.65499711036682,0.7815745832242297,0.9045952300262646,5,5,4,mcdcnnM,WESAD
1015,0.5964590964590964,0.5753424657534246,0.5716555113106837,1199.853796958923,0.5492470245324266,0.8202293202293203,1,1,4,resnetM,WESAD
1016,0.6245967741935484,0.589041095890411,0.6026457491974734,1073.7434012889862,0.5487677527151211,0.7811696884972749,2,2,4,resnetM,WESAD
1017,0.6664818596344847,0.6118721461187214,0.6385829403070783,1035.881236553192,0.6048098258944753,0.8256193105331037,3,3,4,resnetM,WESAD
1018,0.6065436450342111,0.5844748858447488,0.5886874335150197,1585.4732112884521,0.5551867016440083,0.7565720108823557,4,4,4,resnetM,WESAD
1019,0.5987272101823186,0.6712328767123288,0.6157709433571503,807.5316100120544,0.6010646007747095,0.6950416325416326,5,5,4,resnetM,WESAD
1020,0.5595329319467249,0.7488584474885844,0.6040578195750609,45.98908019065857,0.578336154919956,0.8222015118566843,1,1,5,cnnM,WESAD
1021,0.5562178072111847,0.7488584474885844,0.5975269940787182,28.654106616973877,0.571547470423875,0.8231511291856121,2,2,5,cnnM,WESAD
1022,0.5675054112554112,0.7990867579908676,0.637843956809474,16.259899377822876,0.5969610636277304,0.8808324390220942,3,3,5,cnnM,WESAD
1023,0.5530510832836414,0.6940639269406392,0.5739289446185998,25.151833534240726,0.5627875577711999,0.8560682547751514,4,4,5,cnnM,WESAD
1024,0.5751850409037788,0.821917808219178,0.6609195402298851,16.15665054321289,0.6130024037117782,0.8594795814623399,5,5,5,cnnM,WESAD
1025,0.1765601217656012,0.5296803652968036,0.3333333333333333,911.4762256145476,0.2308457711442786,0.5,1,1,5,encoderM,WESAD
1026,0.1765601217656012,0.5296803652968036,0.3333333333333333,794.4848124980928,0.2308457711442786,0.5128774934809418,2,2,5,encoderM,WESAD
1027,0.1004566210045662,0.3013698630136986,0.3333333333333333,789.8590383529663,0.1543859649122807,0.5,3,3,5,encoderM,WESAD
1028,0.1765601217656012,0.5296803652968036,0.3333333333333333,794.9904379844666,0.2308457711442786,0.5,4,4,5,encoderM,WESAD
1029,0.0563165905631659,0.1689497716894977,0.3333333333333333,794.475382566452,0.09635416666666667,0.5,5,5,5,encoderM,WESAD
1030,0.6653289339856504,0.680365296803653,0.688412550481516,216.69911360740662,0.6560118575582493,0.8902680109576662,1,1,5,fcnM,WESAD
1031,0.6766080263881253,0.6438356164383562,0.642073107590349,245.37229990959167,0.6339241227133604,0.8897302474888681,2,2,5,fcnM,WESAD
1032,0.7195263290501387,0.7351598173515982,0.6710440848371882,204.11169910430908,0.6878283965586928,0.8969553409208583,3,3,5,fcnM,WESAD
1033,0.7643678160919541,0.771689497716895,0.7561778079019459,204.5651981830597,0.7497226609973607,0.9466925781580954,4,4,5,fcnM,WESAD
1034,0.665721603956898,0.6255707762557078,0.6632329821984994,188.41470503807068,0.6308348284189526,0.8517443776064466,5,5,5,fcnM,WESAD
1035,0.5457431457431458,0.5844748858447488,0.4202627392282565,1200.953483581543,0.39575433250824027,0.6261596627975938,1,1,5,inceptionM,WESAD
1036,0.7295280685373564,0.6712328767123288,0.5461088047294944,864.1139242649077,0.5703586800573889,0.7733321095390061,2,2,5,inceptionM,WESAD
1037,0.6072708653353814,0.5981735159817352,0.4472897662552835,1023.6790611743927,0.4268722320789003,0.8121346267897991,3,3,5,inceptionM,WESAD
1038,0.5637351778656127,0.6164383561643836,0.43760531691566174,1136.4744656085968,0.4264238434037733,0.7658763779453434,4,4,5,inceptionM,WESAD
1039,0.6876855728968406,0.7397260273972602,0.6218663804870702,1027.7063806056976,0.636507503554454,0.8355644045299218,5,5,5,inceptionM,WESAD
1040,0.5657073085644514,0.7762557077625569,0.6256530825496344,21.74532890319824,0.591840091332153,0.8961916461916463,1,1,5,mcdcnnM,WESAD
1041,0.5620120120120121,0.7442922374429224,0.5968303726924417,14.108958959579468,0.5747955747955747,0.8532747088781573,2,2,5,mcdcnnM,WESAD
1042,0.5965608465608465,0.7625570776255708,0.6209908968529658,18.48163199424744,0.6006855455360438,0.8676254624530486,3,3,5,mcdcnnM,WESAD
1043,0.8463646238480674,0.821917808219178,0.6767535560639011,17.20284628868103,0.6685496949411242,0.8860300347369313,4,4,5,mcdcnnM,WESAD
1044,0.5599209833187007,0.7397260273972602,0.6070184604667364,11.491496801376345,0.582049751243781,0.8041581942444012,5,5,5,mcdcnnM,WESAD
1045,0.6710148598446471,0.680365296803653,0.6715924388338181,1734.2511813640594,0.6522783399368615,0.8591548052754949,1,1,5,resnetM,WESAD
1046,0.7281241563032058,0.771689497716895,0.7474700405734889,1285.7404010295868,0.7302547749543266,0.8971047850358196,2,2,5,resnetM,WESAD
1047,0.7420826300136646,0.7579908675799086,0.7257876999256309,855.7540235519409,0.714202791410833,0.9014863217449424,3,3,5,resnetM,WESAD
1048,0.7593558342122742,0.7534246575342466,0.698572396848259,897.2784473896028,0.6828279443792931,0.9036285501802744,4,4,5,resnetM,WESAD
1049,0.8163300239643957,0.8493150684931506,0.7919667316219041,951.8946859836577,0.792193170093661,0.8808647989682473,5,5,5,resnetM,WESAD
1050,0.735770697167756,0.8036529680365296,0.6468529658184831,42.646201610565186,0.6150923013376545,0.8560305995650822,1,1,6,cnnM,WESAD
1051,0.5657620754394949,0.7945205479452054,0.632793451758969,19.08202624320984,0.5932282578639739,0.8294401376297929,2,2,6,cnnM,WESAD
1052,0.5733830845771144,0.817351598173516,0.65586903517938,37.60027551651001,0.6093966258930911,0.8288041175972211,3,3,6,cnnM,WESAD
1053,0.569951690821256,0.817351598173516,0.6580459770114943,16.600776433944702,0.6091339459760512,0.9069969263934782,4,4,6,cnnM,WESAD
1054,0.569951690821256,0.817351598173516,0.6580459770114943,15.153680801391602,0.6091339459760512,0.8847262230882921,5,5,6,cnnM,WESAD
1055,0.1765601217656012,0.5296803652968036,0.3333333333333333,1124.0546016693118,0.2308457711442786,0.5,1,1,6,encoderM,WESAD
1056,0.1765601217656012,0.5296803652968036,0.3333333333333333,1045.755266904831,0.2308457711442786,0.5002279905297147,2,2,6,encoderM,WESAD
1057,0.1765601217656012,0.5296803652968036,0.3333333333333333,1047.550015449524,0.2308457711442786,0.5,3,3,6,encoderM,WESAD
1058,0.1004566210045662,0.3013698630136986,0.3333333333333333,1044.6420402526858,0.1543859649122807,0.5,4,4,6,encoderM,WESAD
1059,0.1765601217656012,0.5296803652968036,0.3333333333333333,1044.9014883041382,0.2308457711442786,0.5,5,5,6,encoderM,WESAD
1060,0.8180516651104887,0.8310502283105022,0.8145127886507199,248.31863903999331,0.8115236432828544,0.9424293023430956,1,1,6,fcnM,WESAD
1061,0.8795405982905983,0.8721461187214612,0.8522503694917488,314.9490005970001,0.8607971025089816,0.9758418292901052,2,2,6,fcnM,WESAD
1062,0.7672082819141642,0.771689497716895,0.7684486994831822,175.3027307987213,0.7449831384399772,0.9270753904374596,3,3,6,fcnM,WESAD
1063,0.854095701540957,0.8401826484018264,0.7830518606380675,214.1348168849945,0.8098610584779592,0.9501786269027648,4,4,6,fcnM,WESAD
1064,0.8514467988152198,0.8401826484018264,0.816501454432489,208.43430495262143,0.8171451237046954,0.9809429335291404,5,5,6,fcnM,WESAD
1065,0.1765601217656012,0.5296803652968036,0.3333333333333333,1640.903947353363,0.2308457711442786,0.5,1,1,6,inceptionM,WESAD
1066,0.0563165905631659,0.1689497716894977,0.3333333333333333,1085.6233484745026,0.09635416666666667,0.5,2,2,6,inceptionM,WESAD
1067,0.5629107006986235,0.7899543378995434,0.6255660048763497,3828.640214204788,0.5870835488629614,0.7320202255547082,3,3,6,inceptionM,WESAD
1068,0.1004566210045662,0.3013698630136986,0.3333333333333333,1088.2002565860746,0.1543859649122807,0.5,4,4,6,inceptionM,WESAD
1069,0.0563165905631659,0.1689497716894977,0.3333333333333333,1092.7580406665802,0.09635416666666667,0.5,5,5,6,inceptionM,WESAD
1070,0.7135215572715573,0.7990867579908676,0.6562502941813287,29.03883147239685,0.6411810411810411,0.9031137328551124,1,1,6,mcdcnnM,WESAD
1071,0.6869832781597487,0.7899543378995434,0.6776172724448587,19.93443274497986,0.6691088621828659,0.8825522230694643,2,2,6,mcdcnnM,WESAD
1072,0.6933109186931957,0.771689497716895,0.6968002485243865,18.08562731742859,0.6943143812709031,0.8520785675958091,3,3,6,mcdcnnM,WESAD
1073,0.7308531746031747,0.7990867579908676,0.6807920773438014,21.13246178627014,0.6837339743589744,0.8918748293748294,4,4,6,mcdcnnM,WESAD
1074,0.5723878592532904,0.7990867579908676,0.646551724137931,24.082815408706665,0.605711898522654,0.8867125354194321,5,5,6,mcdcnnM,WESAD
1075,0.7672157510988096,0.8036529680365296,0.7123659709866607,1648.095053911209,0.7312171494741895,0.8843990934508176,1,1,6,resnetM,WESAD
1076,0.4817460317460318,0.5844748858447488,0.4636062394683085,821.5840945243835,0.4489523941964493,0.6620062460579702,2,2,6,resnetM,WESAD
1077,0.7567386190673862,0.7625570776255708,0.6823500616604066,1734.1339983940125,0.6893067351082619,0.7726201907236391,3,3,6,resnetM,WESAD
1078,0.6685731878356651,0.7123287671232876,0.587604846225536,861.5271418094635,0.6033524540852886,0.7879882233330507,4,4,6,resnetM,WESAD
1079,0.6879106280193237,0.7397260273972602,0.6568974931043897,820.486567735672,0.6618850029638411,0.8083973471904505,5,5,6,resnetM,WESAD
1080,0.9105298457411134,0.8447488584474886,0.7182354768561665,25.97415041923523,0.7189957025798339,0.9098251856872548,1,1,7,cnnM,WESAD
1081,0.9193133929489156,0.8584474885844748,0.7391270580925754,25.88030552864075,0.7494865191701598,0.9286116053357432,2,2,7,cnnM,WESAD
1082,0.9153661464585836,0.8401826484018264,0.6969555762659212,19.799103021621704,0.6823722433921463,0.9355201596580908,3,3,7,cnnM,WESAD
1083,0.8063150142686183,0.8356164383561644,0.7063529046287668,20.906979322433468,0.7021364361207109,0.9250843712050608,4,4,7,cnnM,WESAD
1084,0.8904560146349324,0.8584474885844748,0.7452625038831936,19.92937541007996,0.7576252723311546,0.9395551507620472,5,5,7,cnnM,WESAD
1085,0.7153801169590643,0.7625570776255708,0.6742330104399069,1051.8591530323026,0.6882257418905665,0.8769563058356162,1,1,7,encoderM,WESAD
1086,0.715426267383877,0.7853881278538812,0.6703898255622395,979.5649318695067,0.655137227304715,0.9018275720861928,2,2,7,encoderM,WESAD
1087,0.7303726924416579,0.7990867579908676,0.6623857399719469,978.4085578918456,0.650806919772437,0.8831458809907087,3,3,7,encoderM,WESAD
1088,0.6713040731647787,0.7442922374429224,0.6831219934668211,1089.1766648292544,0.6764789914770706,0.8554763619418791,4,4,7,encoderM,WESAD
1089,0.6133274815302465,0.7077625570776256,0.6442994718856788,1035.2110776901243,0.6195077599695521,0.8869384666798459,5,5,7,encoderM,WESAD
1090,0.8391312704209108,0.8493150684931506,0.8321424873149011,211.63009095191958,0.8316168009205983,0.9587504824573791,1,1,7,fcnM,WESAD
1091,0.791547958214625,0.7762557077625569,0.8338628597249288,312.43634581565857,0.7741659747839399,0.9573819509164336,2,2,7,fcnM,WESAD
1092,0.7601101928374656,0.7579908675799086,0.7410262927504307,303.10530638694763,0.7387259068666866,0.9317734662562248,3,3,7,fcnM,WESAD
1093,0.8212560386473431,0.8264840182648402,0.8003591365660331,221.33127117156985,0.7994740609479533,0.9659155628983216,4,4,7,fcnM,WESAD
1094,0.7942906819956,0.817351598173516,0.8482447965206585,221.75434184074402,0.8023876217153528,0.9664215547836238,5,5,7,fcnM,WESAD
1095,0.5843537414965986,0.634703196347032,0.5088678019712503,1963.4059414863586,0.5272763694676564,0.6657358769427736,1,1,7,inceptionM,WESAD
1096,0.8265222253661559,0.7031963470319634,0.5814623400830298,1300.1163668632507,0.6203823704169725,0.7568391275287828,2,2,7,inceptionM,WESAD
1097,0.8247103959474057,0.7351598173515982,0.5869294058949232,1298.9299561977384,0.5883736859346615,0.8910034642793264,3,3,7,inceptionM,WESAD
1098,0.5846421201259911,0.593607305936073,0.5138830052623157,2143.289837360382,0.5198766782875407,0.7323785384130211,4,4,7,inceptionM,WESAD
1099,0.387694145758662,0.5844748858447488,0.40047021943573663,1220.0906789302824,0.3569750053407392,0.6826177666694907,5,5,7,inceptionM,WESAD
1100,0.7612479308131482,0.817351598173516,0.7273174428346842,40.840685606002815,0.7356984478935699,0.9279714667645704,1,1,7,mcdcnnM,WESAD
1101,0.6277781089584368,0.7031963470319634,0.6139164242612518,28.523873567581177,0.6198081048997507,0.8649931279241624,2,2,7,mcdcnnM,WESAD
1102,0.6914379084967321,0.7351598173515982,0.704488971730351,24.08543968200684,0.6933974906611723,0.8833947583947585,3,3,7,mcdcnnM,WESAD
1103,0.71137929809605,0.7899543378995434,0.6750449509070199,45.691866159439094,0.6773343503002295,0.8826028222579946,4,4,7,mcdcnnM,WESAD
1104,0.717334852954322,0.7671232876712328,0.722031592721248,28.50765132904053,0.7194149857905318,0.913312999519896,5,5,7,mcdcnnM,WESAD
1105,0.739685629821905,0.7671232876712328,0.7871492181837009,2841.136101007461,0.7392144892144893,0.9093733231664266,1,1,7,resnetM,WESAD
1106,0.609375,0.5799086757990868,0.4551926534685156,921.2916944026947,0.4125888762381991,0.8292536266674198,2,2,7,resnetM,WESAD
1107,0.8111372549019608,0.8356164383561644,0.7851276040931213,1472.145456790924,0.7801288418080073,0.8292318572490985,3,3,7,resnetM,WESAD
1108,0.607563025210084,0.6301369863013698,0.6512680391990736,2065.520878791809,0.5916322743851145,0.843021312848899,4,4,7,resnetM,WESAD
1109,0.7910220098520901,0.7990867579908676,0.7249310438965612,1365.4550433158875,0.7432107520785524,0.8831194046711289,5,5,7,resnetM,WESAD
1110,0.6954876954876955,0.7488584474885844,0.7004433900985626,55.89377403259277,0.6973338470299382,0.8574020729193143,1,1,8,cnnM,WESAD
1111,0.5663410663410663,0.7990867579908676,0.6356670149773598,21.169044733047485,0.5946572427420581,0.8549333032091653,2,2,8,cnnM,WESAD
1112,0.6889472768833235,0.7671232876712328,0.6729480263963024,29.913095235824585,0.6771323914181057,0.8651978781289126,3,3,8,cnnM,WESAD
1113,0.6212856205474316,0.7214611872146118,0.6196706110499214,31.700846910476685,0.6188878337026485,0.8532011635459912,4,4,8,cnnM,WESAD
1114,0.5630286698106146,0.7442922374429224,0.5990073145245559,28.063018321990967,0.5770471439161707,0.8482730379282103,5,5,8,cnnM,WESAD
1115,0.1765601217656012,0.5296803652968036,0.3333333333333333,901.1259746551514,0.2308457711442786,0.5,1,1,8,encoderM,WESAD
1116,0.0563165905631659,0.1689497716894977,0.3333333333333333,822.0832538604736,0.09635416666666667,0.5,2,2,8,encoderM,WESAD
1117,0.0563165905631659,0.1689497716894977,0.3333333333333333,820.1156225204468,0.09635416666666667,0.5,3,3,8,encoderM,WESAD
1118,0.1765601217656012,0.5296803652968036,0.3333333333333333,819.7988412380219,0.2308457711442786,0.5,4,4,8,encoderM,WESAD
1119,0.1004566210045662,0.3013698630136986,0.3333333333333333,821.8111181259155,0.1543859649122807,0.5,5,5,8,encoderM,WESAD
1120,0.6382113821138211,0.7077625570776256,0.5574171350033419,225.54353475570682,0.5633370779504462,0.8932674837847253,1,1,8,fcnM,WESAD
1121,0.5475286317058469,0.817351598173516,0.6580459770114943,187.32270860672,0.5977191091954023,0.8585364361226432,2,2,8,fcnM,WESAD
1122,0.7956241956241956,0.7625570776255708,0.6993702166115958,224.78948140144348,0.7209843533372945,0.9023465079499564,3,3,8,fcnM,WESAD
1123,0.8071409539035438,0.7853881278538812,0.7483737656151449,271.39279890060425,0.7491484012102788,0.9428346842139946,4,4,8,fcnM,WESAD
1124,0.8162234590806019,0.8447488584474886,0.8571737882082711,206.21451592445374,0.8260479644063552,0.95825037419865,5,5,8,fcnM,WESAD
1125,0.1765601217656012,0.5296803652968036,0.3333333333333333,1645.935462474823,0.2308457711442786,0.4761377757067413,1,1,8,inceptionM,WESAD
1126,0.1765601217656012,0.5296803652968036,0.3333333333333333,1080.0737671852112,0.2308457711442786,0.5,2,2,8,inceptionM,WESAD
1127,0.0563165905631659,0.1689497716894977,0.3333333333333333,1079.5902945995329,0.09635416666666667,0.5,3,3,8,inceptionM,WESAD
1128,0.1004566210045662,0.3013698630136986,0.3333333333333333,1088.3160881996157,0.1543859649122807,0.5,4,4,8,inceptionM,WESAD
1129,0.1004566210045662,0.3013698630136986,0.3333333333333333,1146.3310630321505,0.1543859649122807,0.5,5,5,8,inceptionM,WESAD
1130,0.8406944444444445,0.817351598173516,0.6738799928455101,32.635730266571045,0.6646488014909068,0.8927556082728496,1,1,8,mcdcnnM,WESAD
1131,0.712088042629739,0.7899543378995434,0.7082945013979497,25.06591057777405,0.7076540017716488,0.8813201916650192,2,2,8,mcdcnnM,WESAD
1132,0.6521340114993365,0.6849315068493149,0.6623904468732055,25.333709716796875,0.6502634359162756,0.8446604912122154,3,3,8,mcdcnnM,WESAD
1133,0.7727013194639095,0.821917808219178,0.7056492228906022,21.34099650382996,0.7101604278074868,0.8873732666836115,4,4,8,mcdcnnM,WESAD
1134,0.8708191609977325,0.8310502283105022,0.700907019872537,16.716196537017822,0.7080909514369591,0.8757319231457162,5,5,8,mcdcnnM,WESAD
1135,0.853562075784298,0.8721461187214612,0.8538318883146468,741.2293376922607,0.84905141543797,0.9768361621809896,1,1,8,resnetM,WESAD
1136,0.8404469314607562,0.867579908675799,0.870750844888776,417.4155747890472,0.8499965393133998,0.9687361734775528,2,2,8,resnetM,WESAD
1137,0.7912820512820513,0.817351598173516,0.7617578393440464,757.6950941085815,0.7702870858109669,0.9446903800352076,3,3,8,resnetM,WESAD
1138,0.8133835451533521,0.8356164383561644,0.8860623946830843,684.2956879138948,0.8286892975011787,0.9832716729268453,4,4,8,resnetM,WESAD
1139,0.6893925706933838,0.7534246575342466,0.6975768872320597,414.6141402721405,0.6864012795981823,0.919485512157926,5,5,8,resnetM,WESAD
1140,0.6298003072196621,0.6392694063926939,0.6209885434023366,107.11195182800293,0.6159153344955058,0.8179158782607058,1,1,9,cnnM,WESAD
1141,0.692859137233003,0.7534246575342466,0.6910460617357169,42.08980107307435,0.6919133690152379,0.8795374528133149,2,2,9,cnnM,WESAD
1142,0.6497282608695653,0.7123287671232876,0.6446007135662307,42.04511284828186,0.646953046953047,0.8565542423301045,3,3,9,cnnM,WESAD
1143,0.6652402157778502,0.7488584474885844,0.6426520564451599,45.57955026626587,0.6466798765390416,0.8526763440556544,4,4,9,cnnM,WESAD
1144,0.5879943120260022,0.7534246575342466,0.6152437704161843,40.777127981185906,0.5948479427549196,0.8536647933199658,5,5,9,cnnM,WESAD
1145,0.1765601217656012,0.5296803652968036,0.3333333333333333,769.6851899623871,0.2308457711442786,0.5,1,1,9,encoderM,WESAD
1146,0.1765601217656012,0.5296803652968036,0.3333333333333333,698.1073217391968,0.2308457711442786,0.5,2,2,9,encoderM,WESAD
1147,0.1765601217656012,0.5296803652968036,0.3333333333333333,694.9882915019989,0.2308457711442786,0.5301065171754827,3,3,9,encoderM,WESAD
1148,0.0563165905631659,0.1689497716894977,0.3333333333333333,694.3908059597015,0.09635416666666667,0.5,4,4,9,encoderM,WESAD
1149,0.1765601217656012,0.5296803652968036,0.3333333333333333,696.7529819011688,0.2308457711442786,0.5,5,5,9,encoderM,WESAD
1150,0.7434613828727906,0.7762557077625569,0.7624144520696244,274.73733496665955,0.7469011996332298,0.8959645382059175,1,1,9,fcnM,WESAD
1151,0.8307955423149068,0.8356164383561644,0.8476682011164769,313.49665069580084,0.8267965828761702,0.9780840793771828,2,2,9,fcnM,WESAD
1152,0.8264550264550264,0.7990867579908676,0.7560036525553767,241.30551886558533,0.7764815309371205,0.925573888935958,3,3,9,fcnM,WESAD
1153,0.7864159891598916,0.7899543378995434,0.7751936889867924,282.91827392578125,0.7698180556814961,0.9407624709348849,4,4,9,fcnM,WESAD
1154,0.7351444722139854,0.7534246575342466,0.7161832679074059,223.26877236366272,0.7215919701213819,0.9071175407382304,5,5,9,fcnM,WESAD
1155,0.1004566210045662,0.3013698630136986,0.3333333333333333,1157.8809459209442,0.1543859649122807,0.5,1,1,9,inceptionM,WESAD
1156,0.1765601217656012,0.5296803652968036,0.3333333333333333,838.5993824005127,0.2308457711442786,0.5,2,2,9,inceptionM,WESAD
1157,0.1765601217656012,0.5296803652968036,0.3333333333333333,869.7709374427795,0.2308457711442786,0.5,3,3,9,inceptionM,WESAD
1158,0.3586666666666667,0.54337899543379,0.44427028909787536,930.412281513214,0.3950034578146611,0.610060295405123,4,4,9,inceptionM,WESAD
1159,0.0563165905631659,0.1689497716894977,0.3333333333333333,868.2534692287445,0.09635416666666667,0.5,5,5,9,inceptionM,WESAD
1160,0.5362901362901363,0.6118721461187214,0.5222048066875653,22.33286166191101,0.5291275739538847,0.8073229969781694,1,1,9,mcdcnnM,WESAD
1161,0.6883795903084103,0.7579908675799086,0.6943150046598322,24.58130693435669,0.6912111929435789,0.8925808645636232,2,2,9,mcdcnnM,WESAD
1162,0.6632850241545895,0.6894977168949772,0.6757533395464431,33.45147919654846,0.6591925325385439,0.8680979176668832,3,3,9,mcdcnnM,WESAD
1163,0.7584349359711678,0.8082191780821918,0.7750077663870766,21.67266297340393,0.7655356305672761,0.8975095785440613,4,4,9,mcdcnnM,WESAD
1164,0.5650746268656716,0.7990867579908676,0.6421978404737025,17.77378749847412,0.5989974937343359,0.8422952733297562,5,5,9,mcdcnnM,WESAD
1165,0.5973586384182411,0.6438356164383562,0.5433152588325002,1771.9829206466675,0.54892770175894,0.7159958744010467,1,1,9,resnetM,WESAD
1166,0.7352541249600072,0.7625570776255708,0.6857131426096944,1470.462298631668,0.6982202982202983,0.8804217618872792,2,2,9,resnetM,WESAD
1167,0.7155956730424816,0.7534246575342466,0.6593827369689439,1013.8944902420044,0.6753708683669774,0.9028669147203628,3,3,9,resnetM,WESAD
1168,0.7257834757834759,0.7945205479452054,0.6844493396217534,918.7869482040404,0.6648613665781048,0.7931028599132048,4,4,9,resnetM,WESAD
1169,0.6811302681992336,0.7625570776255708,0.6101061876923947,1067.7897529602049,0.5708726833164615,0.7818769004113832,5,5,9,resnetM,WESAD
1170,0.7146924934968414,0.7945205479452054,0.6757415722932963,63.10830211639404,0.6766981075370765,0.8651149189942293,1,1,10,cnnM,WESAD
1171,0.7310185185185185,0.7899543378995434,0.6685141254106771,52.310711145401,0.6762718762718762,0.8524027554199968,2,2,10,cnnM,WESAD
1172,0.7101302924848786,0.7579908675799086,0.6353375318892561,54.553288698196404,0.6491614255765198,0.8308204364238847,3,3,10,cnnM,WESAD
1173,0.6523118957545188,0.7351598173515982,0.6488745799090627,62.69129467010498,0.6500062133493734,0.8602968171933689,4,4,10,cnnM,WESAD
1174,0.7244797525309337,0.7808219178082192,0.7017566155497189,56.5341260433197,0.7098870950722803,0.8717498846809191,5,5,10,cnnM,WESAD
1175,0.7734567901234568,0.8310502283105022,0.7871986406469166,817.6071975231171,0.7786674832179058,0.9004290340497237,1,1,10,encoderM,WESAD
1176,0.6672839506172838,0.7031963470319634,0.6277735415666451,730.1918351650238,0.6342925156484479,0.8340623146657631,2,2,10,encoderM,WESAD
1177,0.5432573029211684,0.7351598173515982,0.5649599442702891,721.4011340141296,0.5381980338502077,0.8818132395718603,3,3,10,encoderM,WESAD
1178,0.6707249829065484,0.7853881278538812,0.654160430022499,775.5919988155365,0.6177526222902726,0.8944042004386832,4,4,10,encoderM,WESAD
1179,0.5571193753852476,0.7853881278538812,0.6226924416579589,715.6228973865509,0.5832379426129426,0.9001719195684713,5,5,10,encoderM,WESAD
1180,0.8685676471169231,0.8356164383561644,0.7833460419667316,397.6314535140991,0.8121647883959785,0.9608832970901936,1,1,10,fcnM,WESAD
1181,0.9193899782135077,0.8310502283105022,0.7577122577122576,228.20894908905032,0.8060370079844178,0.9871678104436724,2,2,10,fcnM,WESAD
1182,0.8991028295376121,0.8630136986301371,0.8334415920622816,253.8459002971649,0.8548098154397369,0.9781440923682304,3,3,10,fcnM,WESAD
1183,0.8020953956437827,0.8127853881278538,0.8406219699323149,247.3630044460297,0.8004926769462006,0.9605949993881028,4,4,10,fcnM,WESAD
1184,0.8024132730015082,0.8310502283105022,0.7974926336995303,234.0978722572327,0.7898749239950957,0.9402435350711212,5,5,10,fcnM,WESAD
1185,0.5347222222222222,0.6438356164383562,0.4595959595959596,5811.827032804488,0.4342324342324342,0.7225511169476686,1,1,10,inceptionM,WESAD
1186,0.7209302325581395,0.6849315068493149,0.5529479322582771,10566.473386287691,0.5713328573498065,0.8260170436894575,2,2,10,inceptionM,WESAD
1187,0.4665779552007097,0.6712328767123288,0.4920759317311042,3174.4338467121124,0.4630991415443712,0.744572942848805,3,3,10,inceptionM,WESAD
1188,0.5309554761130971,0.4931506849315068,0.38436555677934986,6225.390971660614,0.3428566912134987,0.6794117785497096,4,4,10,inceptionM,WESAD
1189,0.7880540858318636,0.7625570776255708,0.6128785525337249,3309.478734254837,0.6216518947851124,0.8550262645090232,5,5,10,inceptionM,WESAD
1190,0.6545993250137352,0.7579908675799086,0.6404821749649335,41.50069236755371,0.6396924768277743,0.8888612358439945,1,1,10,mcdcnnM,WESAD
1191,0.5626929012345679,0.7214611872146118,0.5911703239289446,14.938786029815676,0.5754009602615179,0.8006927381927381,2,2,10,mcdcnnM,WESAD
1192,0.8901882983536945,0.7853881278538812,0.6266509456164628,26.96818327903748,0.5979520778526165,0.8915835898594519,3,3,10,mcdcnnM,WESAD
1193,0.6458092374122909,0.7579908675799086,0.6470130004612763,22.21623158454895,0.6415378654450912,0.8382932305346099,4,4,10,mcdcnnM,WESAD
1194,0.7825552443199503,0.817351598173516,0.7207866173383414,35.87630176544189,0.7360196356524386,0.8968253127735887,5,5,10,mcdcnnM,WESAD
1195,0.8907135647177576,0.7762557077625569,0.6240715637267361,577.792489528656,0.6265343126195908,0.9389797320831804,1,1,10,resnetM,WESAD
1196,0.8947510822510822,0.817351598173516,0.7130696527248251,405.6304001808167,0.7566878335814623,0.8802140698692423,2,2,10,resnetM,WESAD
1197,0.7110219181907023,0.7671232876712328,0.7097607011400114,376.9281075000763,0.7103492147056243,0.8645153774464119,3,3,10,resnetM,WESAD
1198,0.8520847891917075,0.7488584474885844,0.6082163668370565,380.9073467254639,0.6200939628846606,0.9493078501699193,4,4,10,resnetM,WESAD
1199,0.8712539810444726,0.8264840182648402,0.7297014883221781,403.44160509109497,0.7652544297519895,0.8998630291733741,5,5,10,resnetM,WESAD
1200,0.7293560606060606,0.7654867256637168,0.6869030644394694,29.641249179840088,0.687169520607907,0.8373894304904091,1,1,1,cnnM,WESAD
1201,0.6928763440860215,0.7477876106194691,0.6904161263196832,22.55498766899109,0.6894116086590394,0.8360979743171196,2,2,1,cnnM,WESAD
1202,0.8345983554712207,0.8053097345132744,0.7179367240240957,21.57332801818848,0.7279600941951342,0.8316069112798643,3,3,1,cnnM,WESAD
1203,0.6770541700187719,0.7389380530973452,0.6624740042023403,19.379335403442386,0.661334675333458,0.8144733418068343,4,4,1,cnnM,WESAD
1204,0.774812030075188,0.8141592920353983,0.7329363261566652,22.708427906036377,0.7297575394746688,0.8411901397697529,5,5,1,cnnM,WESAD
1205,0.17404129793510326,0.5221238938053098,0.3333333333333333,668.963160276413,0.22868217054263565,0.4985875706214689,1,1,1,encoderM,WESAD
1206,0.17404129793510326,0.5221238938053098,0.3333333333333333,591.9133768081665,0.22868217054263565,0.5,2,2,1,encoderM,WESAD
1207,0.17404129793510326,0.5221238938053098,0.3333333333333333,591.1058397293092,0.22868217054263565,0.5,3,3,1,encoderM,WESAD
1208,0.1047197640117994,0.3141592920353982,0.3333333333333333,593.1567254066467,0.15937149270482606,0.4938935414287527,4,4,1,encoderM,WESAD
1209,0.17404129793510326,0.5221238938053098,0.3333333333333333,590.9766111373901,0.22868217054263565,0.5,5,5,1,encoderM,WESAD
1210,0.7941646997115132,0.8539823008849557,0.7527501241991574,305.74926972389216,0.7568830248256085,0.8820172523920435,1,1,1,fcnM,WESAD
1211,0.8739125932062967,0.8716814159292036,0.762179582303717,196.0812749862671,0.7848649382380888,0.8792811073188251,2,2,1,fcnM,WESAD
1212,0.9156118143459916,0.8230088495575221,0.7086664128917649,278.27156043052673,0.7493627789279964,0.9087867409065784,3,3,1,fcnM,WESAD
1213,0.9016290726817044,0.8451327433628318,0.7321405912955209,240.2328419685364,0.7666361766646155,0.8601216399020171,4,4,1,fcnM,WESAD
1214,0.7967974054930577,0.8451327433628318,0.7321405912955209,222.44228649139404,0.751192809023817,0.8432671152890775,5,5,1,fcnM,WESAD
1215,0.7273097273097274,0.6814159292035398,0.5313981921764208,1996.441659450531,0.5459228876127974,0.9400951440817756,1,1,1,inceptionM,WESAD
1216,0.8295695289610098,0.7787610619469026,0.6748078945500765,1194.8173773288727,0.7084632474231719,0.7777114665393491,2,2,1,inceptionM,WESAD
1217,0.535286990761775,0.6194690265486725,0.528955071089232,1829.4497380256653,0.5311155541252702,0.7431523789246396,3,3,1,inceptionM,WESAD
1218,0.7869664385793418,0.7743362831858407,0.6890924106249959,3150.255957365036,0.7086063783311488,0.8571801092092329,4,4,1,inceptionM,WESAD
1219,0.5684487291849255,0.5884955752212391,0.470058862873377,1544.6432077884674,0.4753106390117067,0.6919320549960322,5,5,1,inceptionM,WESAD
1220,0.8742028985507245,0.8141592920353983,0.7179765107671529,43.09635996818543,0.7422545662100456,0.8878707425496635,1,1,1,mcdcnnM,WESAD
1221,0.8596348096348096,0.8008849557522124,0.7451637600837887,57.70774698257446,0.7833357706218985,0.8361780854619241,2,2,1,mcdcnnM,WESAD
1222,0.8370646766169155,0.7787610619469026,0.7218369001610826,38.905499458312995,0.7555076502444923,0.8516411493852409,3,3,1,mcdcnnM,WESAD
1223,0.7229039479039479,0.6283185840707964,0.529569077313169,27.018266677856445,0.5620979020979021,0.7868247813342109,4,4,1,mcdcnnM,WESAD
1224,0.8057222525307631,0.7477876106194691,0.6563296406934507,26.26590442657471,0.6810465210465212,0.8004012009144499,5,5,1,mcdcnnM,WESAD
1225,0.4581966924080539,0.6283185840707964,0.4890188589162092,1109.496895313263,0.4721755368814193,0.6543252490972711,1,1,1,resnetM,WESAD
1226,0.4747816568060063,0.5663716814159292,0.4747816568060063,758.2440268993378,0.4747816568060063,0.615163803096484,2,2,1,resnetM,WESAD
1227,0.5770977317029948,0.6460176991150443,0.5052066867535953,1223.4748065471651,0.5240505955673562,0.7457761533316557,3,3,1,resnetM,WESAD
1228,0.8989100707850707,0.8495575221238938,0.7405753808236502,841.0892198085785,0.7717725686765934,0.9309124713159088,4,4,1,resnetM,WESAD
1229,0.7754563894523328,0.7964601769911505,0.7071039767387345,1046.9513912200928,0.7288168023561057,0.8905692515145845,5,5,1,resnetM,WESAD
1230,0.7386932990381266,0.7433628318584071,0.6947765382952779,30.70953941345215,0.7121437908496734,0.8441612416904848,1,1,2,cnnM,WESAD
1231,0.6453903232002732,0.6858407079646017,0.6325952354837531,15.94555115699768,0.6362680977419,0.7932836751767285,2,2,2,cnnM,WESAD
1232,0.5347490347490347,0.6061946902654868,0.5079648758331021,14.031415939331055,0.5077082328806621,0.735678923134163,3,3,2,cnnM,WESAD
1233,0.7590552787248303,0.7743362831858407,0.7338245383124828,18.065902233123783,0.7445396113934067,0.8165874157757663,4,4,2,cnnM,WESAD
1234,0.6385231626610937,0.6725663716814161,0.6005324971665388,15.198858976364136,0.6092554131918928,0.8198579935868072,5,5,2,cnnM,WESAD
1235,0.1047197640117994,0.3141592920353982,0.3333333333333333,1000.0370123386383,0.15937149270482606,0.5,1,1,2,encoderM,WESAD
1236,0.1047197640117994,0.3141592920353982,0.3333333333333333,919.6132836341858,0.15937149270482606,0.5,2,2,2,encoderM,WESAD
1237,0.1047197640117994,0.3141592920353982,0.3333333333333333,917.5935645103456,0.15937149270482606,0.5,3,3,2,encoderM,WESAD
1238,0.17404129793510326,0.5221238938053098,0.3333333333333333,919.6257288455963,0.22868217054263565,0.5,4,4,2,encoderM,WESAD
1239,0.17404129793510326,0.5221238938053098,0.3333333333333333,920.02050447464,0.22868217054263565,0.5,5,5,2,encoderM,WESAD
1240,0.5826491516146689,0.6017699115044248,0.4221545489151122,230.94740200042725,0.38935925216081707,0.8196730389974601,1,1,2,fcnM,WESAD
1241,0.9125,0.8141592920353983,0.6992767415302626,712.0763850212097,0.7412531909955907,0.9222072394667286,2,2,2,fcnM,WESAD
1242,0.8358108108108109,0.6946902654867256,0.548501115104123,331.079448223114,0.5726679078164226,0.8857679594132207,3,3,2,fcnM,WESAD
1243,0.8654088050314465,0.8008849557522124,0.6889321883353872,338.7815103530884,0.7276911938794478,0.8618023609668395,4,4,2,fcnM,WESAD
1244,0.7617391304347826,0.7699115044247787,0.6710281539596412,285.8040099143982,0.6980473974214947,0.8477560276915731,5,5,2,fcnM,WESAD
1245,0.8709927084606298,0.7566371681415929,0.6290413115431019,1926.8374500274656,0.6631890008709718,0.6956378675165974,1,1,2,inceptionM,WESAD
1246,0.525140056022409,0.7256637168141593,0.5586456592663325,1147.4883852005005,0.5292906095071449,0.7445384630273626,2,2,2,inceptionM,WESAD
1247,0.5233494363929146,0.6061946902654868,0.4225352112676057,1914.9664306640625,0.3827920227920227,0.7431128610109274,3,3,2,inceptionM,WESAD
1248,0.17404129793510326,0.5221238938053098,0.3333333333333333,1241.2166998386385,0.22868217054263565,0.726215861361481,4,4,2,inceptionM,WESAD
1249,0.7254832833891532,0.6504424778761062,0.5170867931670032,1312.8122246265414,0.5376972494424126,0.783138055697139,5,5,2,inceptionM,WESAD
1250,0.6730506383971729,0.7300884955752213,0.6792640097724844,32.250839471817024,0.6625728525809106,0.8378362248617679,1,1,2,mcdcnnM,WESAD
1251,0.8038967683837827,0.7566371681415929,0.6874374971772919,24.40010094642639,0.7030982905982907,0.8310052712057964,2,2,2,mcdcnnM,WESAD
1252,0.7824350252921682,0.7123893805309734,0.6249551054993882,27.21027755737305,0.6568010852139597,0.8429509719793797,3,3,2,mcdcnnM,WESAD
1253,0.8503394467524572,0.7831858407079646,0.7055350886814243,20.984308004379272,0.7386430025716297,0.8818747728392035,4,4,2,mcdcnnM,WESAD
1254,0.7326803631151457,0.6460176991150443,0.5502183969598627,15.509082555770874,0.5832304688638285,0.8384115196600276,5,5,2,mcdcnnM,WESAD
1255,0.8143451143451143,0.7256637168141593,0.6352996586942635,2295.7156631946564,0.6691685095090668,0.8501631256465346,1,1,2,resnetM,WESAD
1256,0.925438596491228,0.8495575221238938,0.7368354269762721,2658.0817034244533,0.7727721661054995,0.7337331363351893,2,2,2,resnetM,WESAD
1257,0.8235221976943832,0.8097345132743363,0.7039317904679566,1753.7906925678253,0.7345003238706771,0.7853007877775126,3,3,2,resnetM,WESAD
1258,0.8175381263616558,0.8495575221238938,0.7319470341671345,1527.3156778812408,0.7495953145182302,0.8816048681768424,4,4,2,resnetM,WESAD
1259,0.8162979913551996,0.8141592920353983,0.7247348804999795,1829.9797751903534,0.7481398809523809,0.7934955127005736,5,5,2,resnetM,WESAD
1260,0.7875322875322875,0.7654867256637168,0.7071781736379492,35.14411211013794,0.7317823319067639,0.8354377294458459,1,1,3,cnnM,WESAD
1261,0.7823297764227642,0.7566371681415929,0.6743476587114686,43.84591627120972,0.6938220806551388,0.8311267820697279,2,2,3,cnnM,WESAD
1262,0.6157605160927421,0.6504424778761062,0.5875566423429875,23.919890880584717,0.5887832357666805,0.7948353581559596,3,3,3,cnnM,WESAD
1263,0.8548160897558489,0.8053097345132744,0.7351934173371272,40.00164532661439,0.7596955766354673,0.8575613092204164,4,4,3,cnnM,WESAD
1264,0.7567013340762063,0.7699115044247787,0.6798038190972067,32.94942903518677,0.6868394910660246,0.8420649104583218,5,5,3,cnnM,WESAD
1265,0.1047197640117994,0.3141592920353982,0.3333333333333333,674.9844059944153,0.15937149270482606,0.5028248587570622,1,1,3,encoderM,WESAD
1266,0.17404129793510326,0.5221238938053098,0.3333333333333333,594.4202492237091,0.22868217054263565,0.5,2,2,3,encoderM,WESAD
1267,0.17404129793510326,0.5221238938053098,0.3333333333333333,597.7694754600525,0.22868217054263565,0.5,3,3,3,encoderM,WESAD
1268,0.17404129793510326,0.5221238938053098,0.3333333333333333,597.0847425460814,0.22868217054263565,0.5,4,4,3,encoderM,WESAD
1269,0.17404129793510326,0.5221238938053098,0.3333333333333333,594.7966525554658,0.22868217054263565,0.5007580987528469,5,5,3,encoderM,WESAD
1270,0.8851851851851852,0.7256637168141593,0.5536099479761452,264.2782173156738,0.5401466522125726,0.8743824989945782,1,1,3,fcnM,WESAD
1271,0.8096030161898425,0.7610619469026548,0.6429387133612486,274.05220103263855,0.677646768436242,0.8599630305884783,2,2,3,fcnM,WESAD
1272,0.9601990049751244,0.9292035398230089,0.8558558558558559,188.28881907463074,0.886881955847473,0.9609697427195636,3,3,3,fcnM,WESAD
1273,0.9417249417249416,0.8893805309734514,0.7790889481030326,208.07993531227112,0.8057074536018044,0.8376738519373993,4,4,3,fcnM,WESAD
1274,0.8092818428184282,0.7610619469026548,0.6084253267351859,207.8408966064453,0.6136970384886946,0.8849286741981895,5,5,3,fcnM,WESAD
1275,0.6168300653594772,0.7522123893805309,0.5991829738547332,1913.191127538681,0.5950949633317087,0.8048901133169455,1,1,3,inceptionM,WESAD
1276,0.6893660088194897,0.7212389380530974,0.5933526030207815,1073.0597677230837,0.6102009730665379,0.739618886014207,2,2,3,inceptionM,WESAD
1277,0.5702811244979921,0.7876106194690266,0.6150234741784038,1076.6936631202698,0.5823388166147009,0.8218981394858692,3,3,3,inceptionM,WESAD
1278,0.5166666666666666,0.6327433628318584,0.47501392536007,1147.381813764572,0.4671360780575797,0.7916905924783699,4,4,3,inceptionM,WESAD
1279,0.6584669448715134,0.6592920353982301,0.5575445342692896,1147.5264291763306,0.5812503412503413,0.8167782846107028,5,5,3,inceptionM,WESAD
1280,0.7920309863475993,0.6769911504424779,0.5607898421219023,28.1240177154541,0.5883391523181443,0.8488544643951662,1,1,3,mcdcnnM,WESAD
1281,0.9156179079843202,0.8805309734513275,0.8154325249097271,32.744924783706665,0.8446937173983291,0.8806973003081859,2,2,3,mcdcnnM,WESAD
1282,0.7873660053748829,0.7787610619469026,0.6700668202219885,25.952698469161987,0.6701057976806047,0.8270534798345732,3,3,3,mcdcnnM,WESAD
1283,0.8318670576735093,0.7699115044247787,0.6835437729445847,29.04228591918945,0.6955134947131215,0.8829613810516173,4,4,3,mcdcnnM,WESAD
1284,0.8657384219840395,0.7831858407079646,0.6703001640934322,15.26546859741211,0.6941970085958694,0.8497066534187566,5,5,3,mcdcnnM,WESAD
1285,0.6670143608807021,0.6814159292035398,0.6349534064979279,1965.958137512207,0.6404192298929139,0.8208542751393072,1,1,3,resnetM,WESAD
1286,0.7414595803857549,0.7699115044247787,0.6652709047075245,932.652453660965,0.6790160947464319,0.8358278008254135,2,2,3,resnetM,WESAD
1287,0.9398148148148148,0.8849557522123894,0.7657657657657658,2013.5851361751559,0.7863655640373198,0.8953001103275632,3,3,3,resnetM,WESAD
1288,0.8086473853345019,0.7831858407079646,0.6356394589863198,1285.348724603653,0.6449284222843222,0.7863720727172625,4,4,3,resnetM,WESAD
1289,0.6955141476880607,0.7654867256637168,0.6565565326606148,1459.756370306015,0.6672413128157663,0.8721297090836361,5,5,3,resnetM,WESAD
1290,0.8438941004794663,0.8451327433628318,0.7928336548532299,75.5971405506134,0.8087986448420844,0.8808973093408521,1,1,4,cnnM,WESAD
1291,0.8511737089201877,0.7876106194690266,0.717562513575882,61.10634660720825,0.7554514113337643,0.8745249785474183,2,2,4,cnnM,WESAD
1292,0.7282788671023965,0.7522123893805309,0.7228659788936705,24.32140207290649,0.7250027709245858,0.8641277348009265,3,3,4,cnnM,WESAD
1293,0.6567801102629347,0.6814159292035398,0.6310661341695001,19.632235050201412,0.6415260870433931,0.8255915858565656,4,4,4,cnnM,WESAD
1294,0.7372885979268958,0.7300884955752213,0.6486228410315305,33.432998180389404,0.6732809766865494,0.8385298045718194,5,5,4,cnnM,WESAD
1295,0.1047197640117994,0.3141592920353982,0.3333333333333333,1091.0916051864624,0.15937149270482606,0.5125812133451187,1,1,4,encoderM,WESAD
1296,0.17404129793510326,0.5221238938053098,0.3333333333333333,1005.5461013317108,0.22868217054263565,0.5,2,2,4,encoderM,WESAD
1297,0.17404129793510326,0.5221238938053098,0.3333333333333333,1007.7260267734528,0.22868217054263565,0.5,3,3,4,encoderM,WESAD
1298,0.054572271386430685,0.16371681415929204,0.3333333333333333,1008.1747879981996,0.09378960709759188,0.5223493964243546,4,4,4,encoderM,WESAD
1299,0.054572271386430685,0.16371681415929204,0.3333333333333333,1015.6262788772583,0.09378960709759188,0.5,5,5,4,encoderM,WESAD
1300,0.9220779220779222,0.8407079646017699,0.7274457556147698,546.9693052768706,0.7651131221719457,0.898686284756946,1,1,4,fcnM,WESAD
1301,0.9288888888888888,0.8584070796460177,0.7462250983377744,285.74415493011475,0.7802985074626866,0.921270100370124,2,2,4,fcnM,WESAD
1302,0.9537712895377131,0.915929203539823,0.8374571754853445,182.55455088615417,0.8709862892525431,0.8897799685577198,3,3,4,fcnM,WESAD
1303,0.9384314934731216,0.8893805309734514,0.7939014450114952,377.4641501903534,0.8262256866030451,0.8859426984874587,4,4,4,fcnM,WESAD
1304,0.8977591036414566,0.8362831858407079,0.7246208968577076,272.9145245552063,0.7603216213157608,0.9035058572537684,5,5,4,fcnM,WESAD
1305,0.9050505050505052,0.7920353982300885,0.6240324831874128,2056.0496129989624,0.6008614582608708,0.8661676118706435,1,1,4,inceptionM,WESAD
1306,0.5035743464052288,0.6460176991150443,0.4703986631654333,1431.5428190231326,0.4441372247823861,0.803426606362868,2,2,4,inceptionM,WESAD
1307,0.9007936507936508,0.7787610619469026,0.6530897094277376,1224.756947517395,0.6933727759998947,0.7965709204071582,3,3,4,inceptionM,WESAD
1308,0.4949649180208674,0.6858407079646017,0.5220020689106389,1144.5453355312347,0.4939400657724569,0.5755421212570891,4,4,4,inceptionM,WESAD
1309,0.5240328776914143,0.6725663716814161,0.5023076310973184,1084.2937922477722,0.4832539682539682,0.6232098653917704,5,5,4,inceptionM,WESAD
1310,0.7563993863049095,0.7256637168141593,0.6391869310226913,37.20325827598572,0.6471102966586666,0.7834412951982778,1,1,4,mcdcnnM,WESAD
1311,0.8822529918366525,0.8495575221238938,0.8054352992285674,38.82974863052368,0.8342521334033547,0.8906859234503064,2,2,4,mcdcnnM,WESAD
1312,0.8419519519519519,0.7831858407079646,0.7180507076663677,32.22094464302063,0.7300810436871114,0.8642696766950765,3,3,4,mcdcnnM,WESAD
1313,0.7818684583390466,0.7168141592920354,0.6444624380886018,22.730982780456547,0.6791148897030262,0.7935971301929765,4,4,4,mcdcnnM,WESAD
1314,0.7564518945346603,0.7566371681415929,0.7009542366429452,24.300392866134644,0.7156608097784569,0.8200784336496918,5,5,4,mcdcnnM,WESAD
1315,0.9491416599080832,0.9115044247787609,0.8198198198198199,1198.1292793750765,0.8493756062383513,0.8678174175607931,1,1,4,resnetM,WESAD
1316,0.9533950617283952,0.9203539823008848,0.8378378378378378,780.5767977237701,0.8681282485630311,0.8778611507186346,2,2,4,resnetM,WESAD
1317,0.9237472766884532,0.8451327433628318,0.6976272046694582,454.33501291275024,0.6957870709231244,0.8671646999111787,3,3,4,resnetM,WESAD
1318,0.9277104632083808,0.8849557522123894,0.7657657657657658,487.4006094932556,0.7808692218781158,0.8837839988472597,4,4,4,resnetM,WESAD
1319,0.943661971830986,0.8938053097345132,0.7967263037685574,564.6021475791931,0.8299610529283394,0.8905230128672478,5,5,4,resnetM,WESAD
1320,0.7234222263424079,0.7256637168141593,0.6476679591981573,66.78985548019409,0.6695454356155256,0.8135630856447281,1,1,5,cnnM,WESAD
1321,0.8265716374269005,0.8584070796460177,0.8211564393230661,39.33544564247131,0.8215028799066252,0.9036875858909758,2,2,5,cnnM,WESAD
1322,0.7352817222727257,0.7256637168141593,0.6488163981599169,29.672858715057373,0.6754734848484848,0.8271534843509062,3,3,5,cnnM,WESAD
1323,0.7009803921568628,0.6769911504424779,0.5849522236488099,41.42184805870056,0.6121630245173844,0.8401841803608335,4,4,5,cnnM,WESAD
1324,0.6994522004723689,0.6902654867256637,0.6046466614621305,30.01146507263184,0.6261860522730088,0.7497252564094293,5,5,5,cnnM,WESAD
1325,0.3726622662266227,0.5398230088495575,0.37081244529322827,11130.519008159636,0.3232456140350877,0.6367723058460705,1,1,5,encoderM,WESAD
1326,0.5089285714285715,0.5309734513274337,0.3427230046948357,11235.041001558304,0.2482843333600363,0.5735802046974164,2,2,5,encoderM,WESAD
1327,0.30410175622848473,0.5132743362831859,0.3482533619797883,11215.01178073883,0.2955555555555556,0.5463961813329204,3,3,5,encoderM,WESAD
1328,0.4442946990116801,0.5619469026548672,0.379326808307472,11494.531334877014,0.32061794414735584,0.5822214551624911,4,4,5,encoderM,WESAD
1329,0.3749622926093514,0.5265486725663717,0.3417681228614626,10985.512680768968,0.2544377167106557,0.6083140313863636,5,5,5,encoderM,WESAD
1330,0.8862043251304996,0.8539823008849557,0.7415302626570233,342.58661437034607,0.7720753193846038,0.9065559950019249,1,1,5,fcnM,WESAD
1331,0.9360730593607306,0.8761061946902655,0.7606902677325212,407.0282192230225,0.7873841928312637,0.8993188402056868,2,2,5,fcnM,WESAD
1332,0.8509259259259259,0.8672566371681416,0.7469864230427611,565.9022102355958,0.7649515915363908,0.886108297363967,3,3,5,fcnM,WESAD
1333,0.9079754601226996,0.8008849557522124,0.6851922344880091,395.6161394119263,0.728767977412429,0.8728671079769194,4,4,5,fcnM,WESAD
1334,0.943661971830986,0.8938053097345132,0.7837837837837838,240.2724368572235,0.8092307692307692,0.9031284208534148,5,5,5,fcnM,WESAD
1335,0.6413255360623781,0.5929203539823009,0.4876962185389018,1626.8644034862518,0.4954553105239565,0.6825802885721719,1,1,5,inceptionM,WESAD
1336,0.515,0.6238938053097345,0.4431845309142994,1058.8730568885803,0.4119496855345912,0.7384779742741069,2,2,5,inceptionM,WESAD
1337,0.4872225813402285,0.6194690265486725,0.4484137993328731,1128.9091351032255,0.4262478892266126,0.7227761898924469,3,3,5,inceptionM,WESAD
1338,0.5461413649731265,0.6725663716814161,0.4985676772499403,1259.7906532287598,0.4897590298138865,0.7511016626557327,4,4,5,inceptionM,WESAD
1339,0.6250544662309369,0.668141592920354,0.5056669225922031,1061.5843715667722,0.4820384615384616,0.8544229954471062,5,5,5,inceptionM,WESAD
1340,0.8225004969191015,0.7477876106194691,0.6323145776475928,45.225709438323975,0.6221880481366405,0.8367125181997467,1,1,5,mcdcnnM,WESAD
1341,0.8564520402755696,0.7964601769911505,0.7177496187999889,28.847830533981323,0.7481127806324145,0.8580355241849632,2,2,5,mcdcnnM,WESAD
1342,0.8469281045751634,0.8097345132743363,0.7175958484146596,24.06768250465393,0.7414905592017016,0.8999207491090996,3,3,5,mcdcnnM,WESAD
1343,0.8697889861039629,0.8008849557522124,0.7044662232057792,31.627172708511356,0.7372028218351869,0.8694500181728637,4,4,5,mcdcnnM,WESAD
1344,0.8209929078014184,0.7389380530973452,0.6383116226754327,27.040790557861328,0.6575259941625434,0.8481286251637171,5,5,5,mcdcnnM,WESAD
1345,0.7177248677248677,0.8053097345132744,0.6845717763597925,866.4476869106293,0.6874733616911967,0.849143455941021,1,1,5,resnetM,WESAD
1346,0.5833333333333334,0.8053097345132744,0.6468926553672317,471.2408380508423,0.6115288220551378,0.7916459668071031,2,2,5,resnetM,WESAD
1347,0.9020988677161004,0.8805309734513275,0.7801976003217349,797.670371055603,0.8088566827697262,0.8501080156308135,3,3,5,resnetM,WESAD
1348,0.8653061224489796,0.8584070796460177,0.7265242086201743,547.8307499885559,0.7363862285179025,0.8204074807679488,4,4,5,resnetM,WESAD
1349,0.9094650205761318,0.8053097345132744,0.6424311635579242,499.8930776119232,0.6259173574963048,0.8399642779566389,5,5,5,resnetM,WESAD
1350,0.8188845786248384,0.7433628318584071,0.6394138229898555,63.999943971633904,0.6302532892491052,0.8233640659040516,1,1,6,cnnM,WESAD
1351,0.8079157588961511,0.7787610619469026,0.6588469586798543,23.09985089302063,0.6625644906514832,0.8227995242795911,2,2,6,cnnM,WESAD
1352,0.4789349511290866,0.7168141592920354,0.5698257340654095,26.66202545166016,0.5204020700636942,0.8121925936440141,3,3,6,cnnM,WESAD
1353,0.8229767981807484,0.7964601769911505,0.7096954916243529,35.075087308883674,0.7353200176729588,0.8627260585961946,4,4,6,cnnM,WESAD
1354,0.8452380952380952,0.7787610619469026,0.6464786581759606,34.507442712783806,0.6421616441638004,0.8509733772923078,5,5,6,cnnM,WESAD
1355,0.17404129793510326,0.5221238938053098,0.3333333333333333,827.4563434123993,0.22868217054263565,0.5,1,1,6,encoderM,WESAD
1356,0.17404129793510326,0.5221238938053098,0.3333333333333333,745.6956996917725,0.22868217054263565,0.5,2,2,6,encoderM,WESAD
1357,0.17404129793510326,0.5221238938053098,0.3333333333333333,748.872406244278,0.22868217054263565,0.5,3,3,6,encoderM,WESAD
1358,0.17404129793510326,0.5221238938053098,0.3333333333333333,745.8697845935823,0.22868217054263565,0.5,4,4,6,encoderM,WESAD
1359,0.054572271386430685,0.16371681415929204,0.3333333333333333,745.3411030769348,0.09378960709759188,0.5,5,5,6,encoderM,WESAD
1360,0.5471014492753623,0.7079646017699115,0.5305164319248826,237.92926907539368,0.508273261833597,0.8667902206336201,1,1,6,fcnM,WESAD
1361,0.9324324324324323,0.8672566371681416,0.7556147696992768,270.1493909358978,0.7877001326846528,0.9429361325995368,2,2,6,fcnM,WESAD
1362,0.8944725975975976,0.9070796460176992,0.8355474118185983,291.11751317977905,0.8539591060127673,0.8496819211190182,3,3,6,fcnM,WESAD
1363,0.8747795414462081,0.6858407079646017,0.5156706001776424,202.9124486446381,0.5105570342494933,0.8819774656489864,4,4,6,fcnM,WESAD
1364,0.7834840968777356,0.8141592920353983,0.7011467184539516,279.09842395782465,0.7245792759051186,0.8527003370044669,5,5,6,fcnM,WESAD
1365,0.5538499025341129,0.8053097345132744,0.6338028169014085,2226.616042375565,0.5905038860327846,0.7352315911041144,1,1,6,inceptionM,WESAD
1366,0.5464480874316939,0.6725663716814161,0.4948277234025623,1244.223806142807,0.4792619987881068,0.5846559737106407,2,2,6,inceptionM,WESAD
1367,0.8814931100645387,0.8584070796460177,0.7419109250095165,2380.550319910049,0.7674435812060674,0.8309891414450975,3,3,6,inceptionM,WESAD
1368,0.8888888888888888,0.7389380530973452,0.6022078416444614,3613.3469471931458,0.6373416895156025,0.8383496889106821,4,4,6,inceptionM,WESAD
1369,0.553072625698324,0.7300884955752213,0.5539906103286385,2490.9670615196233,0.53040765470144,0.5756265336714131,5,5,6,inceptionM,WESAD
1370,0.7422513900282564,0.6814159292035398,0.6303445962075707,25.06486225128174,0.6652864708714491,0.847573223736986,1,1,6,mcdcnnM,WESAD
1371,0.40698684537105984,0.6017699115044248,0.4645897986790801,10.003130912780762,0.430872693149828,0.7438034835981842,2,2,6,mcdcnnM,WESAD
1372,0.3759478120896345,0.5530973451327433,0.39985676772499396,14.389353036880493,0.3676827728235317,0.7482085212450454,3,3,6,mcdcnnM,WESAD
1373,0.7982108047897521,0.6991150442477876,0.6003722748769299,13.919551610946655,0.6310162152201954,0.7876081500454859,4,4,6,mcdcnnM,WESAD
1374,0.8260207795645557,0.7522123893805309,0.6758369732826642,18.11307573318481,0.7073539886039887,0.8685833123646445,5,5,6,mcdcnnM,WESAD
1375,0.5633528265107213,0.7654867256637168,0.5915492957746479,1542.6607732772827,0.5632082898518885,0.8100062045812821,1,1,6,resnetM,WESAD
1376,0.8102187819168951,0.7743362831858407,0.6515606081134847,812.0801050662994,0.6797015643802647,0.6432502865720818,2,2,6,resnetM,WESAD
1377,0.7511043153244987,0.6902654867256637,0.6210495527755017,762.8364677429199,0.6052897838199877,0.6603040137296523,3,3,6,resnetM,WESAD
1378,0.3881944444444445,0.5575221238938053,0.4587809341927271,719.8164882659912,0.4184404300642413,0.5520208977179615,4,4,6,resnetM,WESAD
1379,0.520364831431631,0.6902654867256637,0.5379167661335243,762.4157919883728,0.522509225092251,0.7262744661586867,5,5,6,resnetM,WESAD
1380,0.8067859867058952,0.7610619469026548,0.7197400312702293,26.087270975112915,0.7503037032199072,0.8551181881332276,1,1,7,cnnM,WESAD
1381,0.7451369804190999,0.7522123893805309,0.7234401983745502,18.289733409881595,0.7330047597711674,0.8938538084515645,2,2,7,cnnM,WESAD
1382,0.8613095238095237,0.8053097345132744,0.7474143993599712,18.609401941299442,0.7844474615201195,0.8709791194871167,3,3,7,cnnM,WESAD
1383,0.8380982411884241,0.7787610619469026,0.7280210504130293,19.81528854370117,0.7620962043011582,0.8756959991741563,4,4,7,cnnM,WESAD
1384,0.8516113516113517,0.8053097345132744,0.7648184111540521,17.69549059867859,0.7927731009698222,0.874986827362096,5,5,7,cnnM,WESAD
1385,0.054572271386430685,0.16371681415929204,0.3333333333333333,949.6705751419067,0.09378960709759188,0.5,1,1,7,encoderM,WESAD
1386,0.1047197640117994,0.3141592920353982,0.3333333333333333,867.6496293544769,0.15937149270482606,0.5,2,2,7,encoderM,WESAD
1387,0.17404129793510326,0.5221238938053098,0.3333333333333333,868.9610078334807,0.22868217054263565,0.5,3,3,7,encoderM,WESAD
1388,0.1047197640117994,0.3141592920353982,0.3333333333333333,866.0936496257782,0.15937149270482606,0.5,4,4,7,encoderM,WESAD
1389,0.17404129793510326,0.5221238938053098,0.3333333333333333,869.1319754123688,0.22868217054263565,0.5,5,5,7,encoderM,WESAD
1390,0.8027123022279626,0.7743362831858407,0.6570232204035021,244.70680141448972,0.6897869189452046,0.861906666752692,1,1,7,fcnM,WESAD
1391,0.8478657180969321,0.7345132743362832,0.6141954797958618,248.67356872558597,0.6539785145970712,0.8545455816284176,2,2,7,fcnM,WESAD
1392,0.8072368421052633,0.7876106194690266,0.6711077274457556,314.34070253372187,0.7032722490288642,0.8429041956733531,3,3,7,fcnM,WESAD
1393,0.8042018626813948,0.7787610619469026,0.6617180560842533,320.24615383148193,0.6943349753694581,0.8540622264661414,4,4,7,fcnM,WESAD
1394,0.8781362007168458,0.6991150442477876,0.5772110138307321,229.43775343894958,0.61577873254565,0.8185224494009407,5,5,7,fcnM,WESAD
1395,0.6874366270892618,0.4955752212389381,0.5108316719679814,1997.6558485031128,0.469367574673301,0.7583799483417529,1,1,7,inceptionM,WESAD
1396,0.6594007800904352,0.7389380530973452,0.6650655190879587,1278.6451292037966,0.662063851577314,0.7978742050716269,2,2,7,inceptionM,WESAD
1397,0.7414694420682445,0.7345132743362832,0.6080113295439149,1601.0317792892456,0.6325368942761839,0.8239877499844078,3,3,7,inceptionM,WESAD
1398,0.6512596607447556,0.6548672566371682,0.522930067809514,1278.411918401718,0.5224001766554958,0.7574492611494282,4,4,7,inceptionM,WESAD
1399,0.5392670157068062,0.6769911504424779,0.4976525821596244,1517.629459619522,0.4747104679326698,0.6499965589843842,5,5,7,inceptionM,WESAD
1400,0.8611111111111112,0.7876106194690266,0.6768649766978724,24.447325944900516,0.696373411656829,0.8184020138543892,1,1,7,mcdcnnM,WESAD
1401,0.8515903605777891,0.8097345132743363,0.7262241950711753,29.842878818511963,0.75577616936185,0.9135331918215662,2,2,7,mcdcnnM,WESAD
1402,0.8269441401971522,0.7168141592920354,0.6238926919280225,22.71561074256897,0.6681694762504478,0.9069716051692656,3,3,7,mcdcnnM,WESAD
1403,0.8498363920899132,0.7831858407079646,0.710423481490562,22.320090532302856,0.7478842325557654,0.8729878123528159,4,4,7,mcdcnnM,WESAD
1404,0.7898702471873204,0.6991150442477876,0.6150374533043428,14.855317115783693,0.6561171380782852,0.8605297228476986,5,5,7,mcdcnnM,WESAD
1405,0.9137529137529138,0.8274336283185841,0.6745336886181956,962.747305393219,0.6684469764405674,0.8177224132702768,1,1,7,resnetM,WESAD
1406,0.9125,0.8141592920353983,0.6518208349194264,651.5379524230958,0.6332110380072011,0.8721883138808418,2,2,7,resnetM,WESAD
1407,0.8723803565842978,0.8761061946902655,0.7903152615494463,2182.6962685585017,0.8169572945189029,0.8942882366730541,3,3,7,resnetM,WESAD
1408,0.8642036124794745,0.8628318584070797,0.7441615642856991,1299.7261347770689,0.7640402940258045,0.8632897937326202,4,4,7,resnetM,WESAD
1409,0.9379310344827586,0.8805309734513275,0.7653851034132725,749.5246708393097,0.7909495357078193,0.8696769101400278,5,5,7,resnetM,WESAD
1410,0.6864327485380116,0.6814159292035398,0.5902212788104411,25.34201431274414,0.6143390191897655,0.8107134945879277,1,1,8,cnnM,WESAD
1411,0.6614880391476136,0.6902654867256637,0.6303843829506278,20.438374042510983,0.6356624592535661,0.8318311149535784,2,2,8,cnnM,WESAD
1412,0.6833398633059075,0.6504424778761062,0.5678557526253875,17.6451256275177,0.5962134071890169,0.8060987700519808,3,3,8,cnnM,WESAD
1413,0.6498419085944237,0.6637168141592921,0.6153052073319439,20.401283025741574,0.6239316239316239,0.8281497659034063,4,4,8,cnnM,WESAD
1414,0.6464307048984468,0.6548672566371682,0.5991571662376151,21.496066570281982,0.6137971394289163,0.8313655025280712,5,5,8,cnnM,WESAD
1415,0.6546103896103896,0.668141592920354,0.5229236159052344,1131.692708492279,0.5322143816171121,0.7818595033324085,1,1,8,encoderM,WESAD
1416,0.4096681546074259,0.5973451327433629,0.4505450783798838,929.2559843063354,0.4203506097560976,0.6704007062684552,2,2,8,encoderM,WESAD
1417,0.5711044874979301,0.6106194690265486,0.5630017699724074,1036.9630627632139,0.5645085288851192,0.7611698592839677,3,3,8,encoderM,WESAD
1418,0.5752923976608186,0.5973451327433629,0.4863542224487558,1107.7711362838743,0.5023976000923042,0.6880412878861195,4,4,8,encoderM,WESAD
1419,0.5603980986333927,0.5929203539823009,0.6065058852120203,984.5301842689514,0.5552610826306403,0.8104624079797152,5,5,8,encoderM,WESAD
1420,0.8994082840236687,0.7743362831858407,0.6527090470752442,298.6170403957367,0.6959858796336028,0.9148789515225418,1,1,8,fcnM,WESAD
1421,0.9007936507936508,0.7787610619469026,0.6617180560842533,222.3147954940796,0.7070122980467808,0.8459236868761816,2,2,8,fcnM,WESAD
1422,0.9156118143459916,0.8230088495575221,0.6741530262657024,381.4324016571045,0.6778220697753469,0.91376384739956,3,3,8,fcnM,WESAD
1423,0.7525690141327916,0.8230088495575221,0.7385860436707894,182.52113318443298,0.7333812260536398,0.8874384649629338,4,4,8,fcnM,WESAD
1424,0.9325925216336176,0.8805309734513275,0.7567567567567567,197.92633628845212,0.7719525284639005,0.9463002630226311,5,5,8,fcnM,WESAD
1425,0.8888888888888888,0.7389380530973452,0.5892653216596879,4545.6411724090585,0.6111519107847138,0.9151117577352956,1,1,8,inceptionM,WESAD
1426,0.7711279461279461,0.6327433628318584,0.4947148150776702,5428.067491769792,0.5036359371334741,0.8434811034476826,2,2,8,inceptionM,WESAD
1427,0.7932391188959661,0.7743362831858407,0.6181956604491815,5175.646279335022,0.6112810646143979,0.806338565827704,3,3,8,inceptionM,WESAD
1428,0.42451874366767983,0.5707964601769911,0.4261160181427549,2937.751312494278,0.4102169017423255,0.618444596422634,4,4,8,inceptionM,WESAD
1429,0.4101325877917567,0.5929203539823009,0.4308904273096204,3277.7846069335938,0.39851566901750507,0.8371351179300569,5,5,8,inceptionM,WESAD
1430,0.7749607168641441,0.6592920353982301,0.5568229963073601,28.764155626297,0.5929808378897202,0.7992731929829088,1,1,8,mcdcnnM,WESAD
1431,0.7253270323950414,0.6106194690265486,0.4985687525673203,13.392319202423096,0.5142264752791068,0.6566699786441969,2,2,8,mcdcnnM,WESAD
1432,0.8130483424601072,0.8008849557522124,0.7138161078242243,35.59053826332092,0.7345768193344405,0.8768406745250861,3,3,8,mcdcnnM,WESAD
1433,0.7505401234567901,0.6637168141592921,0.5628135894309206,15.510244369506836,0.5945327656242353,0.7919830788057095,4,4,8,mcdcnnM,WESAD
1434,0.8427164622816797,0.7920353982300885,0.6901881590351392,26.02286648750305,0.7157615412577245,0.8241775435019646,5,5,8,mcdcnnM,WESAD
1435,0.5811965811965812,0.8053097345132744,0.6375427707487865,2204.149701833725,0.6034063260340633,0.8066286326909388,1,1,8,resnetM,WESAD
1436,0.7468253968253968,0.8053097345132744,0.6992369547872054,1762.5949020385742,0.7153061525067091,0.8709183640551509,2,2,8,resnetM,WESAD
1437,0.7722222222222221,0.7168141592920354,0.5504044268665896,879.1595637798309,0.5465402880803799,0.7764807657980253,3,3,8,resnetM,WESAD
1438,0.5674603174603174,0.7654867256637168,0.5915492957746479,1267.5931768417356,0.566063566063566,0.8460677794050914,4,4,8,resnetM,WESAD
1439,0.5662650602409639,0.7522123893805309,0.5812047425797724,982.625804901123,0.5603004694835682,0.7225100488409154,5,5,8,resnetM,WESAD
1440,0.7397741147741147,0.7831858407079646,0.7688196671247519,54.43167066574097,0.7468457690898528,0.8973550418405992,1,1,9,cnnM,WESAD
1441,0.7943667055361208,0.8097345132743363,0.7269457330331047,27.46733427047729,0.7330829134510116,0.8600302379247236,2,2,9,cnnM,WESAD
1442,0.8706361864256601,0.8230088495575221,0.7385860436707894,34.48841714859009,0.744868154158215,0.8785961301478132,3,3,9,cnnM,WESAD
1443,0.8870392789884316,0.8672566371681416,0.8249361799135014,35.244576692581184,0.8419256245014296,0.8793687456852891,4,4,9,cnnM,WESAD
1444,0.8565566458519179,0.8053097345132744,0.7198067009477848,28.056674480438232,0.7305452317745559,0.8443080225128448,5,5,9,cnnM,WESAD
1445,0.6491836049188521,0.6637168141592921,0.6117125719656157,1785.4824390411375,0.6127118008696956,0.8295073540955613,1,1,9,encoderM,WESAD
1446,0.6717134255421268,0.6858407079646017,0.544147155032808,2212.3392374515533,0.5577093596059114,0.8150997141806404,2,2,9,encoderM,WESAD
1447,0.5649585921325052,0.6637168141592921,0.5127661679344658,1587.4993579387665,0.5102463673892245,0.8329688007415389,3,3,9,encoderM,WESAD
1448,0.617607862735299,0.6327433628318584,0.4934190576348609,1416.7023203372955,0.5021917808219177,0.7784238643035493,4,4,9,encoderM,WESAD
1449,0.6461233961233961,0.6548672566371682,0.5669406575350715,2065.493500471115,0.5724042752284086,0.798314009880016,5,5,9,encoderM,WESAD
1450,0.943661971830986,0.8938053097345132,0.7837837837837838,330.80512428283686,0.8092307692307692,0.9167080663857936,1,1,9,fcnM,WESAD
1451,0.9379310344827586,0.8805309734513275,0.7696992767415303,251.36892557144162,0.7985852230762918,0.8730765260366598,2,2,9,fcnM,WESAD
1452,0.8338441890166028,0.8362831858407079,0.7321008045524637,385.5475790500641,0.7574471231811905,0.8709834207566364,3,3,9,fcnM,WESAD
1453,0.8953488372093023,0.7610619469026548,0.6127395000634438,283.61609506607056,0.6331951866552555,0.8780848167336589,4,4,9,fcnM,WESAD
1454,0.943661971830986,0.8938053097345132,0.7837837837837838,204.50221228599548,0.8092307692307692,0.8753916843556375,5,5,9,fcnM,WESAD
1455,0.5271599657827203,0.7300884955752213,0.5596005410997056,1623.489943742752,0.5314730395542663,0.8264421619040859,1,1,9,inceptionM,WESAD
1456,0.7340454440333025,0.7831858407079646,0.7291232507274522,1468.003415107727,0.7286463655562367,0.8844824174855207,2,2,9,inceptionM,WESAD
1457,0.43956964308723095,0.6017699115044248,0.4197103525105435,1066.2176549434662,0.3766409747742474,0.7863537923218038,3,3,9,inceptionM,WESAD
1458,0.8676190476190477,0.7433628318584071,0.6241593706382439,1133.398677110672,0.6668166192023516,0.8567827794373509,4,4,9,inceptionM,WESAD
1459,0.5941036331149493,0.5884955752212391,0.4825744818583205,1670.8451149463654,0.5044211477946418,0.7845779056688582,5,5,9,inceptionM,WESAD
1460,0.6394172622319956,0.6946902654867256,0.6522036479066796,28.582216024398804,0.6428393724168372,0.8369211297714519,1,1,9,mcdcnnM,WESAD
1461,0.9042894935752078,0.8362831858407079,0.7024758107355386,16.913723468780518,0.7077230945155475,0.8756373943769503,2,2,9,mcdcnnM,WESAD
1462,0.8645113094002905,0.8362831858407079,0.8001264573238792,14.86187982559204,0.8213978494623655,0.8607641420365221,3,3,9,mcdcnnM,WESAD
1463,0.7996167809600645,0.7079646017699115,0.6097619462384323,19.21085357666016,0.6377946678289929,0.8390099337819557,4,4,9,mcdcnnM,WESAD
1464,0.7576058201058201,0.7389380530973452,0.6643439811260293,21.99509334564209,0.6784171298005447,0.7954203308106388,5,5,9,mcdcnnM,WESAD
1465,0.8315412186379928,0.8185840707964602,0.6953432305544981,1787.785004377365,0.7231451837751051,0.8610977592536436,1,1,9,resnetM,WESAD
1466,0.6237327188940092,0.7079646017699115,0.5975409642155882,848.2142400741577,0.6043626030382858,0.8136138943909295,2,2,9,resnetM,WESAD
1467,0.8285024154589372,0.8407079646017699,0.7756232001875354,1372.8131549358368,0.7947999338624339,0.9040773884411984,3,3,9,resnetM,WESAD
1468,0.7777777777777778,0.8362831858407079,0.7296566081478949,1556.7537486553192,0.7436274509803921,0.8711425677288651,4,4,9,resnetM,WESAD
1469,0.5794997486173957,0.6371681415929203,0.5274593046137568,837.0232930183411,0.5449998754469755,0.7749177919863047,5,5,9,resnetM,WESAD
1470,0.6890934781058338,0.7123893805309734,0.6793167003241006,52.11568284034729,0.6804904106733375,0.8860496925667611,1,1,10,cnnM,WESAD
1471,0.17404129793510326,0.5221238938053098,0.3333333333333333,10.282595872879027,0.22868217054263565,0.5717887259424619,2,2,10,cnnM,WESAD
1472,0.7116300366300367,0.7300884955752213,0.6943560891997272,30.7969982624054,0.6986685315361972,0.8948081526262476,3,3,10,cnnM,WESAD
1473,0.6704623878536923,0.6946902654867256,0.6493174960589618,29.995581865310672,0.6482416874030797,0.8804548162390129,4,4,10,cnnM,WESAD
1474,0.17404129793510326,0.5221238938053098,0.3333333333333333,9.71494960784912,0.22868217054263565,0.6443506050810897,5,5,10,cnnM,WESAD
1475,0.65618068158903,0.6548672566371682,0.5212074093668747,982.3516047000884,0.5360803698966914,0.7752328599786228,1,1,10,encoderM,WESAD
1476,0.5818414322250639,0.6150442477876106,0.4873026523778494,874.3078908920288,0.4708264225499398,0.7214137627720821,2,2,10,encoderM,WESAD
1477,0.6381349206349206,0.6725663716814161,0.5765174341206808,932.9597678184508,0.5928080991294337,0.8022512844666103,3,3,10,encoderM,WESAD
1478,0.632154577724198,0.6327433628318584,0.5029162607343558,873.0418031215668,0.4958489127859666,0.7678809150520776,4,4,10,encoderM,WESAD
1479,0.5469322344322345,0.6150442477876106,0.5511614503020567,908.5311646461487,0.5432373660429444,0.7512758640712806,5,5,10,encoderM,WESAD
1480,0.7108869647097356,0.7566371681415929,0.6513337161463206,242.96601700782776,0.6679128335616885,0.7708875024463472,1,1,10,fcnM,WESAD
1481,0.7637229437229438,0.7699115044247787,0.6691581770359522,219.8517677783966,0.6957018410955622,0.8517180345779055,2,2,10,fcnM,WESAD
1482,0.7525000000000001,0.7610619469026548,0.6429387133612486,295.3232421875,0.6668061863872957,0.8562031833695715,3,3,10,fcnM,WESAD
1483,0.8133528265107213,0.7477876106194691,0.6245400329907372,263.7460384368896,0.6595100314366489,0.8903670918471587,4,4,10,fcnM,WESAD
1484,0.8515626723130197,0.8539823008849557,0.7503059277945887,219.57427859306333,0.7580488605698689,0.8902703132829655,5,5,10,fcnM,WESAD
1485,0.6806692953189768,0.7477876106194691,0.5913224038074838,1950.8995475769045,0.5790308499784376,0.8852614849272763,1,1,10,inceptionM,WESAD
1486,0.8906945949199471,0.8230088495575221,0.6934270149834724,1218.4995021820066,0.6882736430106494,0.8111514175909019,2,2,10,inceptionM,WESAD
1487,0.6410024154589372,0.6327433628318584,0.5591478324827572,1911.8865900039675,0.5765760245539657,0.6980444278128689,3,3,10,inceptionM,WESAD
1488,0.4871435753788695,0.6194690265486725,0.5170287260284873,1298.375314950943,0.4897161453291664,0.7247252026435603,4,4,10,inceptionM,WESAD
1489,0.8081128747795413,0.6814159292035398,0.519604111153407,1410.8572673797607,0.5268550184903241,0.7669190436557349,5,5,10,inceptionM,WESAD
1490,0.7605583338647041,0.7300884955752213,0.6832835461386427,35.52372169494629,0.7085175361037429,0.8441650053013148,1,1,10,mcdcnnM,WESAD
1491,0.8362459632357471,0.8008849557522124,0.7595493559924211,23.45834493637085,0.7826023391812865,0.8578484189608563,2,2,10,mcdcnnM,WESAD
1492,0.8340114762649974,0.7743362831858407,0.7171420644803314,27.358669519424442,0.7515191232920952,0.8614286881773155,3,3,10,mcdcnnM,WESAD
1493,0.7211391661773341,0.7345132743362832,0.6848126474528957,23.359251499176025,0.6995056609228838,0.8178197294931598,4,4,10,mcdcnnM,WESAD
1494,0.6369160353535354,0.6504424778761062,0.6137363192746339,12.733299016952515,0.6236562746458948,0.8350194309850553,5,5,10,mcdcnnM,WESAD
1495,0.5568181818181818,0.7433628318584071,0.5680751173708921,1731.5021421909332,0.5430557898090366,0.6586052810987163,1,1,10,resnetM,WESAD
1496,0.17404129793510326,0.5221238938053098,0.3333333333333333,747.3967227935791,0.22868217054263565,0.5121010841349825,2,2,10,resnetM,WESAD
1497,0.5038971383057405,0.6327433628318584,0.4563141561231798,1272.458734035492,0.4327350918651934,0.6379368745685289,3,3,10,resnetM,WESAD
1498,0.17404129793510326,0.5221238938053098,0.3333333333333333,2249.379121541977,0.22868217054263565,0.5245844435985282,4,4,10,resnetM,WESAD
1499,0.5947403024326101,0.6238938053097345,0.4735310626931538,1781.2037677764893,0.4789913052953253,0.6816998724673589,5,5,10,resnetM,WESAD
